cmd: ./a2
events: Ir
fl=./csu/../csu/libc-start.c
fn=__libc_start_main@@GLIBC_2.34
128 2
134 3
135 7
138 1
139 2
142 3
143 2
144 16
145 8
242 12
343 3
344 3
369 6
372 2
375 2
382 2
384 2
392 4
fl=./csu/../sysdeps/nptl/libc_start_call_main.h
fn=(below main)
29 9
44 3
46 2
51 2
52 2
55 2
58 7
74 1
fl=./csu/./csu/init-first.c
fn=_init_first
46 4
51 2
55 5
61 1
62 1
63 2
71 2
72 2
fl=./ctype/./ctype/ctype-info.c
fn=__ctype_init
29 1
31 7
33 4
35 4
36 1
fl=./elf/../bits/stdlib-bsearch.h
fn=intel_check_word.constprop.0
27 102
28 51
29 971
31 690
32 345
37 63
fl=./elf/../elf/dl-sysdep.c
fn=_dl_sysdep_start
85 10
86 1
87 1
109 1
110 306
113 2
114 1
119 1
121 132
122 113
125 1
126 1
128 1
131 2
132 1
134 2
135 1
150 2
151 1
153 2
154 1
156 2
157 1
162 2
163 1
178 2
179 1
224 1
227 1
238 3
239 2
241 5
253 3
256 5
258 9
fn=_dl_sysdep_start_cleanup
262 1
263 1
fl=./elf/../elf/dl-tls.c
fn=_dl_add_to_slotinfo
1015 16
1021 2
1024 2
1025 2
1029 6
1063 4
1066 6
1067 6
1070 12
fn=_dl_allocate_tls_init
528 10
529 2
533 2
535 1
536 1
539 2
542 3
554 1
559 23
565 6
568 6
569 4
575 6
576 4
578 15
581 4
582 4
585 4
586 8
588 4
589 4
598 2
606 4
608 16
614 2
620 2
623 2
626 9
fn=_dl_allocate_tls_storage
370 1
374 1
375 1
376 2
379 1
385 2
422 4
424 1
435 1
436 1
437 3
445 4
446 1
450 321
469 1
475 5
fn=_dl_assign_tls_modid
131 4
134 4
147 2
186 2
188 2
191 2
192 4
fn=_dl_count_modids
197 1
199 2
200 1
215 2
fn=_dl_determine_tlsoffset
221 8
222 1
223 1
224 1
227 3
230 2
264 1
266 16
268 7
270 6
271 4
273 4
275 10
286 2
291 16
293 4
294 2
306 1
307 9
309 2
360 8
fn=_dl_tls_static_surplus_init
83 3
97 6
101 6
102 6
108 2
110 4
113 1
115 1
117 3
118 5
fl=./elf/../include/list.h
fn=__tls_init_tp
43 2
44 2
45 1
47 1
fl=./elf/../include/rtld-malloc.h
fn=__minimal_calloc
56 17
fn=_dl_allocate_tls_storage
44 2
56 1
fn=_dl_check_map_versions
44 18
fn=_dl_find_object_init
56 2
fn=_dl_important_hwcaps
56 3
fn=_dl_init_paths
56 3
fn=_dl_map_object_deps
56 12
fn=_dl_new_object
44 24
56 15
fn=do_lookup_x
44 12
fn=init_tls
44 2
fn=open_verify.constprop.0
50 8
fn=open_verify.constprop.1
50 2
fl=./elf/../include/scratch_buffer.h
fn=_dl_map_object_deps
77 3
78 1
85 3
131 15
fl=./elf/../misc/sbrk.c
fn=sbrk
37 5
40 1
58 2
62 2
78 5
fl=./elf/../nptl/nptl-stack.h
fn=__libc_early_init
58 8
fl=./elf/../sysdeps/generic/dl-cache.h
fn=_dl_load_cache_lookup
125 20
194 1
195 5
fl=./elf/../sysdeps/generic/dl-debug.h
fn=dl_main
29 3
30 2
fl=./elf/../sysdeps/generic/dl-hash.h
fn=__rtld_malloc_init_real
43 1
44 1
45 19
48 18
62 24
67 1
72 1
fl=./elf/../sysdeps/generic/dl-protected.h
fn=do_lookup_x
29 4378
44 15428
fl=./elf/../sysdeps/generic/ldsodefs.h
fn=_dl_relocate_object
138 10185
fn=_dl_start
80 3
fn=do_lookup_x
137 4378
138 6567
fl=./elf/../sysdeps/nptl/dl-mutex.c
fn=__rtld_mutex_init
30 4
37 1
40 7
44 2
45 9
47 6
51 2
52 7
53 4
fl=./elf/../sysdeps/nptl/dl-tls_init_tp.c
fn=__tls_init_tp
68 3
69 1
72 1
75 4
76 2
77 1
82 2
87 4
90 1
93 3
106 4
123 3
130 2
132 1
133 1
134 3
fn=__tls_pre_init_tp
53 3
56 10
61 2
62 1
64 1
fn=rtld_mutex_dummy
42 258
44 516
fl=./elf/../sysdeps/nptl/pthread_early_init.h
fn=__libc_early_init
33 6
34 6
45 2
46 1
52 7
53 1
54 1
57 1
fl=./elf/../sysdeps/posix/dl-fileid.h
fn=_dl_map_object_from_fd
37 25
40 20
49 58
fl=./elf/../sysdeps/unix/sysv/linux/brk.c
fn=brk
35 1
36 3
37 2
43 1
44 1
fl=./elf/../sysdeps/unix/sysv/linux/dl-osinfo.h
fn=dl_main
64 2
fl=./elf/../sysdeps/unix/sysv/linux/dl-sysdep.c
fn=_dl_discover_osversion
46 5
48 3
88 4
103 1
107 1
108 1
110 12
112 6
114 12
120 3
121 3
122 3
124 13
129 2
133 5
fn=_dl_sysdep_start
36 2
fl=./elf/../sysdeps/unix/sysv/linux/dl-vdso-setup.h
fn=dl_main
30 3
33 1
36 1
39 1
45 1
fl=./elf/../sysdeps/unix/sysv/linux/dl-vdso.h
fn=dl_main
40 1
41 2
55 2
fl=./elf/../sysdeps/unix/sysv/linux/rseq-internal.h
fn=__tls_init_tp
32 3
34 7
37 2
40 1
fl=./elf/../sysdeps/unix/sysv/linux/x86/cpu-features.c
fn=init_cpu_features.constprop.0
27 6
fl=./elf/../sysdeps/unix/sysv/linux/x86/dl-minsigstacksize.h
fn=get_common_indices.constprop.0
24 2
27 2
28 2
65 3
72 1
74 1
fl=./elf/../sysdeps/x86/cpu-features.c
fn=get_common_indices.constprop.0
325 1
329 4
332 5
336 1
337 4
338 4
339 4
340 3
341 2
348 2
350 9
355 8
362 2
363 7
369 2
384 2
fn=init_cpu_features.constprop.0
303 3
304 2
305 6
310 2
311 6
316 2
317 6
399 7
402 1
403 1
404 1
415 3
418 6
419 1
422 2
424 6
429 1
431 3
433 4
434 15
489 3
503 1
513 11
516 1
555 1
556 1
564 2
571 2
573 1
577 2
583 2
593 1
687 5
688 1
691 2
692 1
698 1
699 1
701 1
706 4
710 3
723 2
724 4
770 1
771 2
775 3
792 2
793 2
795 3
796 2
798 3
799 2
802 2
817 4
819 4
829 2
874 8
fn=update_active.constprop.0
43 7
47 1
55 3
56 3
57 1
65 4
66 1
74 4
75 1
76 3
80 4
83 3
84 1
87 3
88 2
92 8
93 3
94 3
95 1
97 4
98 3
100 2
101 4
104 4
105 4
109 2
113 2
115 4
119 2
121 1
124 2
126 2
130 1
131 1
134 4
140 4
142 4
144 3
149 4
198 3
210 2
211 1
214 4
218 2
222 3
223 2
225 1
226 1
229 2
231 1
234 2
285 3
289 3
296 1
297 8
fl=./elf/../sysdeps/x86/dl-cacheinfo.h
fn=get_common_cache_info.constprop.0
481 9
496 1
497 1
498 2
499 1
505 1
507 8
510 4
521 1
526 3
530 2
535 6
538 23
545 8
548 26
553 2
557 3
558 1
562 6
566 3
569 4
570 1
575 4
581 4
589 7
591 2
593 5
595 12
597 1
598 1
599 9
601 4
604 2
609 1
611 5
612 3
613 1
616 2
619 2
626 1
628 4
629 1
634 2
639 2
640 1
641 2
642 3
643 2
681 4
682 5
686 2
693 1
694 1
695 7
fn=handle_intel.constprop.0
250 96
255 24
261 24
263 12
264 36
266 15
272 60
277 24
279 24
280 12
284 48
286 24
289 60
291 24
294 5
296 2
299 5
301 2
305 3
310 96
fn=init_cpu_features.constprop.0
706 1
708 1
722 2
724 5
725 3
726 4
729 3
731 3
732 1
734 3
736 3
737 1
739 3
741 3
744 3
746 3
748 3
750 4
840 18
863 15
885 2
886 1
893 11
910 4
923 4
931 5
933 2
936 5
938 4
941 5
942 5
946 6
947 3
953 8
956 15
957 9
958 12
961 8
963 8
967 7
970 1
fn=intel_check_word.constprop.0
110 690
113 345
119 104
123 78
125 15
129 156
131 154
133 63
135 126
143 126
152 54
155 120
158 99
162 64
164 186
166 84
168 44
169 32
170 10
172 11
174 22
176 12
177 16
178 12
179 20
180 14
181 12
183 8
184 12
187 21
194 204
202 200
216 51
246 104
fl=./elf/../sysdeps/x86/dl-cet.c
fn=_dl_cet_check
41 2
42 1
44 1
45 1
48 4
49 2
51 1
62 2
252 8
254 8
fl=./elf/../sysdeps/x86/dl-get-cpu-features.c
fn=__x86_cpu_features
39 3
71 3
fn=_dl_x86_init_cpu_features
37 1
39 3
41 1
fl=./elf/../sysdeps/x86/dl-hwcap.h
fn=_dl_important_hwcaps
57 3
fl=./elf/../sysdeps/x86/dl-procinfo.h
fn=_dl_load_cache_lookup
39 8
42 28
fl=./elf/../sysdeps/x86/dl-prop.h
fn=_dl_map_object_from_fd
95 36
100 4
101 8
102 4
103 4
105 28
108 12
109 8
110 8
114 12
118 12
121 12
122 8
126 4
127 16
131 16
132 6
135 12
138 6
139 24
144 12
146 24
151 12
164 12
165 14
166 4
170 6
185 12
187 16
192 4
193 16
198 16
200 16
201 4
203 4
212 12
213 4
fn=dl_main
36 1
37 24
40 8
49 47
53 39
71 3
95 8
100 1
101 2
102 1
103 1
105 9
108 3
109 2
110 2
114 3
118 3
121 3
122 2
126 1
127 4
131 6
132 2
135 4
138 2
139 8
144 4
146 8
151 4
164 4
165 4
166 2
170 3
185 3
187 4
192 1
193 4
198 4
200 4
201 1
203 2
212 5
213 2
fl=./elf/../sysdeps/x86/get-isa-level.h
fn=_dl_hwcaps_subdirs_active
30 2
31 3
32 3
36 3
39 4
40 4
45 4
48 2
49 3
51 4
fn=update_active.constprop.0
28 1
30 2
31 2
32 3
36 3
38 1
39 3
40 4
45 4
47 1
48 2
49 3
51 4
52 2
fl=./elf/../sysdeps/x86_64/dl-hwcaps-subdirs.c
fn=_dl_hwcaps_subdirs_active
29 1
38 3
43 1
52 1
fl=./elf/../sysdeps/x86_64/dl-irel.h
fn=_dl_fixup
32 4
fl=./elf/../sysdeps/x86_64/dl-machine.h
fn=_dl_fixup
229 93
fn=_dl_relocate_object
71 24
77 16
81 12
87 4
95 12
115 8
117 8
119 20
262 6824
283 6824
287 6824
294 141882
296 27186
299 13575
300 4
301 10
304 4
305 6
316 6
323 8
326 20472
360 6
361 9
368 6
370 4
379 4
422 54
426 72
431 54
440 36
450 10158
474 28
484 18
490 3
494 4
495 4
496 4
497 1
507 4
508 6
509 2
510 4
529 6327
530 2109
534 4218
535 4218
545 2346
549 2232
552 3348
553 1116
579 114
581 57
582 57
fn=_dl_start
45 1
71 1
287 21
296 70
299 14
326 47
346 12
347 6
414 1
534 284
535 426
fn=_dl_sysdep_start
215 1
fl=./elf/../sysdeps/x86_64/dl-runtime.h
fn=_dl_fixup
28 93
fl=./elf/../sysdeps/x86_64/dl-trampoline.h
fn=_dl_runtime_resolve_xsave
67 93
72 93
75 93
77 93
87 93
93 93
94 93
95 93
96 93
97 93
98 93
99 93
103 93
104 93
107 93
108 93
110 93
111 93
112 93
113 93
114 93
115 93
117 93
124 93
125 93
126 93
127 93
132 93
133 93
134 93
136 93
137 93
138 93
139 93
140 93
141 93
142 93
144 93
146 93
150 93
152 93
fl=./elf/../sysdeps/x86_64/tls_get_addr.S
fn=__tls_get_addr
29 2
30 2
31 2
33 2
34 2
35 2
38 2
39 2
43 2
44 2
45 2
46 2
fl=./elf/./dl-find_object.h
fn=_dl_find_object_from_map
95 14
96 14
97 7
103 35
104 188
105 130
107 21
112 7
fl=./elf/./dl-hwcaps.h
fn=_dl_important_hwcaps
54 12
56 8
57 1
88 9
89 8
90 6
fl=./elf/./dl-load.h
fn=_dl_map_object_from_fd
91 36
92 15
94 36
95 20
96 24
97 16
99 16
fl=./elf/./dl-main.h
fn=dl_main
109 5
fl=./elf/./dl-map-segments.h
fn=_dl_map_object_from_fd
28 15
29 36
36 5
37 7
41 2
44 4
45 8
46 2
49 4
55 3
56 7
58 6
59 2
60 2
61 3
96 10
102 5
103 13
106 15
107 10
109 10
116 16
119 14
126 5
128 5
136 90
138 52
140 143
141 13
150 72
156 5
157 5
158 25
159 10
166 10
169 10
177 35
178 10
183 10
187 16
190 4
195 18
fl=./elf/./dl-sym-post.h
fn=lookup_malloc_symbol
41 8
53 12
fl=./elf/./dl-tunable-types.h
fn=__GI___tunable_set_val
90 10
fl=./elf/./elf/dl-audit.c
fn=_dl_audit_activity_map
28 6
29 1
30 3
36 6
fn=_dl_audit_activity_nsid
40 18
44 12
45 3
46 12
50 18
fn=_dl_audit_objclose
96 7
97 28
fn=_dl_audit_objopen
76 5
77 20
fn=_dl_audit_preinit
117 1
118 4
fl=./elf/./elf/dl-cache.c
fn=_dl_cache_libcmp
370 129
371 509
373 687
375 237
381 12
382 12
383 202
385 202
387 8
393 450
395 450
396 117
399 186
400 186
403 55
fn=_dl_load_cache_lookup
194 78
208 4
212 32
218 48
219 8
221 20
228 94
230 137
231 78
235 78
239 117
240 78
248 16
250 8
253 8
255 24
257 4
267 8
277 8
278 12
294 8
303 8
306 8
308 12
309 8
314 24
315 16
322 8
343 16
359 35
360 17
362 36
416 40
418 8
421 12
424 5
432 5
433 8
436 7
437 1
444 1
445 2
490 9
495 12
498 12
513 8
525 72
526 16
527 4
528 32
fn=_dl_unload_cache
537 2
538 4
540 2
541 1
545 1
547 2
fl=./elf/./elf/dl-call-libc-early-init.c
fn=_dl_call_libc_early_init
27 4
29 2
33 7
37 2
39 4
40 2
41 3
fl=./elf/./elf/dl-debug.c
fn=_dl_debug_initialize
56 1
57 1
59 2
61 1
63 3
64 2
85 2
90 3
91 2
92 1
95 2
96 6
99 2
107 2
fn=_dl_debug_state
116 2
117 2
fn=_dl_debug_update
38 6
40 12
41 6
44 12
48 6
fl=./elf/./elf/dl-deps.c
fn=_dl_map_object_deps
144 6
145 8
146 5
148 3
152 8
159 15
160 22
176 7
177 1
180 1
198 2
199 3
200 2
202 1
204 19
206 7
209 7
213 28
214 46
217 15
221 15
224 22
226 25
231 10
232 5
233 10
237 574
238 277
244 99
246 11
248 44
249 22
258 11
260 22
265 35
268 5
269 5
270 5
271 10
273 5
275 25
279 33
280 24
282 375
298 1
380 12
433 21
435 15
438 10
439 10
445 5
446 25
447 25
450 5
451 5
455 28
457 7
458 32
464 6
465 1
468 4
479 3
481 2
486 5
487 1
488 9
490 27
494 7
499 14
501 15
506 7
509 2
560 2
561 3
598 3
599 2
602 1
613 5
618 8
619 4
623 1
625 1
626 1
627 2
634 3
637 3
640 8
fn=openaux
61 33
64 121
65 11
68 11
69 22
fl=./elf/./elf/dl-environ.c
fn=_dl_next_ld_env_entry
28 2
29 2
32 298
34 196
35 38
37 1
40 2
42 1
45 97
49 1
fl=./elf/./elf/dl-error-skeleton.c
fn=_dl_catch_error
225 10
227 2
228 2
229 2
230 2
232 5
fn=_dl_catch_exception
175 72
178 24
180 24
199 12
200 24
203 24
206 84
208 36
209 24
210 48
219 48
fn=_dl_receive_error
238 6
239 1
240 1
243 1
244 1
246 1
248 1
249 1
250 4
fl=./elf/./elf/dl-find_object.c
fn=_dl_find_object_init
561 4
564 1
566 2
567 3
579 2
580 3
582 2
585 2
590 1
591 1
594 3
596 2
599 6
601 1
604 4
fn=_dlfo_process_initial
474 4
475 2
477 2
478 4
504 24
505 34
506 14
508 52
511 48
513 36
515 12
516 12
517 24
529 2
531 8
fn=_dlfo_sort_mappings
536 1
537 2
540 24
544 10
545 70
546 87
553 20
554 25
555 10
557 1
fl=./elf/./elf/dl-fini.c
fn=_dl_fini
31 9
48 7
51 7
54 2
56 1
59 2
61 6
66 1
68 3
73 17
78 25
80 14
82 14
84 14
85 7
86 7
90 7
92 6
93 6
99 5
108 2
113 27
115 7
117 21
120 14
123 21
124 6
127 10
138 20
139 5
140 10
141 50
142 10
146 15
147 15
153 14
158 7
162 5
168 6
174 2
181 8
fl=./elf/./elf/dl-hwcaps.c
fn=_dl_important_hwcaps
55 12
57 1
58 3
59 1
80 12
82 1
83 9
87 1
89 3
90 1
91 1
103 6
105 2
108 3
111 1
115 4
128 8
130 7
131 4
132 1
133 1
136 2
145 5
175 14
176 7
178 2
179 4
204 2
205 3
215 3
216 6
220 19
221 6
222 4
225 3
228 21
230 9
231 4
233 6
234 2
235 6
236 2
238 3
240 4
241 2
242 1
245 5
246 1
249 2
252 3
253 5
256 8
257 3
259 2
260 8
261 4
262 4
272 4
276 10
282 2
283 2
291 3
304 2
306 1
315 2
328 1
331 2
338 1
341 2
344 14
347 17
348 17
349 5
352 12
354 5
359 34
360 8
364 23
367 48
368 72
369 48
371 9
374 3
375 2
376 15
378 6
379 2
381 1
382 7
389 22
390 4
392 8
395 4
401 9
fl=./elf/./elf/dl-hwcaps_split.c
fn=_dl_hwcaps_contains
66 3
67 6
68 3
77 3
fn=_dl_hwcaps_split
25 4
26 3
27 1
47 4
fn=_dl_hwcaps_split_masked
26 42
30 24
34 72
35 12
36 24
41 27
42 18
43 9
45 6
51 40
55 5
56 18
57 27
58 36
62 32
fl=./elf/./elf/dl-init.c
fn=_dl_init
31 48
33 44
77 12
78 1
79 1
82 3
85 2
90 2
115 1
116 26
117 14
123 8
fn=call_init.part.0
26 63
39 21
42 21
43 2
47 12
55 18
56 24
59 6
60 12
66 15
68 10
69 109
70 84
72 42
fl=./elf/./elf/dl-load.c
fn=_dl_dst_count
238 66
241 22
244 22
245 11
264 77
fn=_dl_init_paths
706 13
720 4
725 1
727 2
734 5
735 2
739 4
741 4
747 1
748 1
756 8
758 8
759 4
761 5
762 7
763 7
766 9
767 10
768 18
770 26
776 1
777 1
782 1
785 3
787 4
789 3
806 1
808 3
822 2
825 3
856 1
857 8
fn=_dl_map_object
682 39
685 4
688 6
691 2
692 2
696 20
2022 120
2024 5
2030 24
2031 48
2034 222
2039 343
2041 245
2045 84
2046 126
2049 110
2050 66
2051 88
2068 35
2069 15
2077 15
2092 5
2094 25
2098 16
2100 8
2107 16
2111 8
2112 4
2116 15
2117 5
2131 20
2132 40
2133 4
2142 8
2157 12
2164 8
2165 4
2173 4
2187 8
2189 12
2193 12
2195 8
2199 8
2207 12
2230 28
2234 12
2235 8
2252 8
2258 1
2259 4
2260 2
2261 3
2265 6
2268 3
2280 20
2282 16
2326 10
2327 75
2329 108
fn=_dl_map_object_from_fd
944 70
954 15
961 20
975 1
999 95
1000 40
1018 10
1046 20
1056 10
1063 40
1064 10
1075 15
1076 20
1077 10
1079 15
1080 20
1081 8
1084 17
1085 6
1096 10
1098 5
1100 110
1101 5
1102 5
1103 5
1104 5
1110 190
1111 466
1117 10
1124 12
1125 15
1126 50
1131 2
1132 1
1137 123
1145 36
1146 136
1147 54
1148 54
1149 36
1151 126
1153 36
1157 36
1158 65
1162 36
1163 144
1173 18
1176 6
1180 8
1181 2
1185 10
1186 4
1189 2
1194 8
1195 10
1201 25
1209 10
1210 5
1213 20
1218 15
1228 82
1229 36
1235 10
1245 20
1252 35
1268 20
1269 15
1275 18
1276 10
1278 10
1288 15
1307 15
1309 25
1361 15
1362 4
1368 170
1369 257
1375 71
1380 20
1393 10
1395 20
1397 10
1413 10
1417 10
1418 10
1435 10
1436 1
1439 10
1444 10
1454 10
1461 30
1462 12
1463 27
1464 9
1465 5
1471 10
1472 8
1477 4
1484 15
1487 20
1506 22
1510 35
1511 20
1515 45
fn=_dl_process_pt_gnu_property
868 10
869 10
870 5
876 10
882 25
885 15
886 10
887 10
930 5
fn=expand_dynamic_string_token
241 3
244 2
385 9
399 2
410 7
fn=open_verify.constprop.0
1568 44
1607 12
1626 20
1628 8
1633 4
1639 4
1640 4
1645 40
1647 8
1649 8
1651 8
1657 8
1674 65
1748 8
1753 8
1755 16
1761 8
1767 20
1768 16
1769 6
1772 16
1773 9
1789 243
1790 102
1791 32
1795 32
1796 18
1801 4
1802 32
1812 28
1820 72
1822 8
1823 72
1826 24
1831 2
1832 16
1835 4
1838 6
1839 10
1840 4
1841 6
1842 6
1856 36
fn=open_verify.constprop.1
1568 11
1607 3
1626 5
1628 2
1633 1
1639 1
1640 1
1645 10
1647 2
1649 2
1651 2
1657 2
1674 14
1748 2
1753 2
1755 4
1761 2
1767 5
1768 4
1769 2
1789 46
1790 17
1791 4
1795 4
1796 3
1820 9
1822 1
1823 9
1826 3
1832 2
1856 9
fl=./elf/./elf/dl-lookup-direct.c
fn=_dl_lookup_direct
32 15
33 9
35 6
36 6
48 12
51 6
53 18
57 9
58 21
59 15
74 36
76 6
78 21
79 6
81 12
84 25
86 9
93 6
115 3
116 27
fl=./elf/./elf/dl-lookup.c
fn=_dl_lookup_symbol_x
204 13224
580 4408
581 385776
582 376960
583 2204
840 30856
842 4408
843 4408
846 2204
850 17578
852 13224
853 4408
855 4408
859 4483
860 37468
865 6612
867 90
884 2204
885 45
888 4408
889 15307
896 2189
929 8756
943 6567
944 2
946 6567
953 19836
1008 4378
fn=check_match
70 28561
73 15379
78 2188
86 10960
89 4864
93 2192
94 4384
96 4378
115 4378
116 17512
117 10930
118 6
119 6
144 6
146 18
147 12
150 2
151 7
153 3
155 14
162 13182
fn=do_lookup_x
170 301
171 1138
172 940
174 98
175 294
176 528
179 152
180 152
182 152
183 70
222 488
224 1342
226 366
227 122
228 366
230 2684
231 726
234 759
235 413
237 200
247 40
248 80
250 160
251 40
254 426
257 132
258 396
259 132
262 1134
269 10
272 4
279 286
280 276
281 350
285 16
286 2
288 2
289 6
305 3
313 2
315 2
318 1
319 1
320 2
323 574
324 492
331 328
342 410
347 164
349 328
363 28652
364 2204
370 2204
374 13888
377 13888
381 27118
385 13886
389 13886
395 20829
399 6943
400 6943
403 34715
404 20829
407 6943
408 13886
410 6943
411 6612
412 13886
415 34715
418 48601
421 4612
422 9224
423 4612
425 27660
428 28435
430 6591
431 30758
432 4394
435 6591
438 10515
452 17504
469 235
471 2
477 4378
528 4378
535 11340
539 4446
551 4134
552 2067
553 4378
570 14265
573 15
574 17632
fl=./elf/./elf/dl-minimal-malloc.c
fn=__minimal_calloc
78 85
82 17
85 17
86 51
fn=__minimal_free
95 7
97 28
fn=__minimal_malloc
35 195
36 117
41 3
42 2
43 2
47 156
50 261
55 12
56 12
58 3
59 24
61 6
63 6
65 8
68 40
69 43
71 156
fl=./elf/./elf/dl-minimal.c
fn=__rtld_malloc_init_real
76 8
86 2
87 1
89 1
91 6
92 5
93 5
94 4
99 1
100 1
101 1
102 1
103 7
fn=__rtld_malloc_init_stubs
42 1
43 2
44 2
45 2
46 2
47 1
fn=lookup_malloc_symbol
61 28
63 4
64 28
68 28
69 28
71 4
72 20
fl=./elf/./elf/dl-misc.c
fn=_dl_higher_prime_number
87 2
124 2
125 2
127 26
129 80
130 37
131 6
145 2
146 2
fn=_dl_name_match_p
68 642
69 428
70 18
72 107
74 422
75 610
80 104
82 89
83 428
fn=_dl_sysdep_read_whole_file
36 9
39 3
40 2
42 6
44 2
47 2
49 8
60 3
63 7
fl=./elf/./elf/dl-object.c
fn=_dl_add_to_namespace_list
31 36
33 18
35 47
38 80
40 5
42 5
45 2
46 18
47 12
48 12
50 12
51 18
fn=_dl_new_object
59 84
62 12
64 2
66 3
67 2
71 2
77 5
80 10
83 20
87 10
92 11
95 12
98 6
99 6
100 12
103 12
104 42
106 6
119 22
125 1
127 42
130 12
131 17
132 6
136 6
139 75
141 16
149 12
150 6
153 1
155 36
157 20
160 14
164 24
168 30
176 2
179 12
189 18
191 25
195 15
200 20
208 5
212 5
245 20
250 168
251 168
253 10
256 5
259 5
263 54
fl=./elf/./elf/dl-profstub.c
fn=_dl_mcount_wrapper_check
36 256
37 384
39 128
fl=./elf/./elf/dl-reloc.c
fn=_dl_relocate_object
194 91
204 12
205 21
208 14
210 21
212 7
213 21
232 14
238 35
239 14
240 2
242 14
249 28
288 410
291 42
308 3218
315 7
318 14
335 21
337 56
343 42
346 14
350 14
351 42
fl=./elf/./elf/dl-runtime.c
fn=_dl_fixup
46 744
48 465
49 279
54 93
55 372
56 651
58 186
63 186
67 186
69 372
71 279
75 279
76 372
84 93
85 279
95 1023
99 465
109 930
124 372
125 8
133 279
159 279
163 558
fl=./elf/./elf/dl-setup_hash.c
fn=_dl_setup_hash
25 14
28 21
31 21
32 14
33 7
34 7
36 21
37 7
38 21
40 28
41 14
45 21
50 7
fl=./elf/./elf/dl-sort-maps.c
fn=_dl_sort_maps
145 64
186 2
187 50
188 28
223 38
228 4
230 2
231 16
233 36
235 14
238 28
256 4
269 2
276 10
290 22
298 6
302 18
fn=_dl_sort_maps_init
281 2
282 4
283 1
284 3
285 2
fn=dfs_traversal.part.0
140 112
145 10
148 14
150 42
152 180
155 66
161 49
176 42
177 14
178 84
fl=./elf/./elf/dl-tunables.c
fn=__GI___tunable_set_val
102 45
111 5
112 25
113 40
116 15
119 10
123 10
130 10
131 10
134 30
135 5
136 5
137 5
157 25
161 5
fn=__GI___tunables_init
71 495
74 392
77 10577
81 196
86 588
270 9
279 9
302 13720
308 21560
320 392
354 8
fn=__tunable_get_val
402 36
405 390
414 46
424 26
425 26
431 180
433 36
fl=./elf/./elf/dl-tunables.h
fn=__GI___tunable_set_val
121 10
122 5
131 20
fn=__GI___tunables_init
140 1441
141 4148
fl=./elf/./elf/dl-version.c
fn=_dl_check_all_versions
361 6
363 2
365 26
366 7
367 63
370 7
fn=_dl_check_map_versions
36 171
37 47
38 290
56 164
64 123
70 123
86 41
87 82
89 41
94 1513
108 1226
110 41
113 339
120 1716
124 572
142 22
155 70
156 7
164 7
170 21
172 35
174 14
175 14
177 14
180 15
184 15
197 6
198 6
200 22
208 33
213 44
217 373
219 41
221 112
224 164
227 123
232 30
236 44
241 12
250 15
253 20
256 484
259 363
263 116
267 12
272 6
273 12
274 12
284 6
287 30
289 18
292 20
294 6
296 33
299 123
301 164
303 205
304 82
305 123
306 123
309 123
314 30
317 33
322 6
327 18
330 20
334 116
336 242
340 116
341 580
342 348
343 116
346 363
350 116
356 63
fl=./elf/./elf/do-rel.h
fn=_dl_relocate_object
49 42
50 14
52 10
53 12
60 42
63 3551
65 4692
67 171
76 24
77 193
78 114
86 60
88 20
100 30
110 16
113 6349
114 4218
120 40
124 32
126 10240
128 17040
129 13632
130 10224
131 13632
133 10224
135 10
138 2
142 3406
145 10275
146 75
158 30
159 16
160 6
163 6
165 8
166 2
167 6
175 25
177 42
178 12
180 18
188 6
191 18
205 4
fn=_dl_start
49 4
50 1
86 10
88 4
113 431
114 284
118 4
126 28
128 21
129 14
130 14
fl=./elf/./elf/get-dynamic-info.h
fn=_dl_map_object_from_fd
39 10
43 5
45 515
49 250
54 129
55 88
56 25
58 5
59 25
61 5
62 25
64 25
68 125
72 20
82 17
83 20
84 20
85 20
87 20
92 19
93 19
94 20
97 15
102 8
109 10
110 15
132 15
137 4
139 4
141 4
143 4
147 15
149 3
150 2
159 2
160 3
165 3
169 10
fl=./elf/./elf/libc_early_init.c
fn=__libc_early_init
33 7
35 1
38 2
41 1
47 4
49 2
fl=./elf/./elf/rtld.c
fn=_dl_start
85 8
488 3
489 1
490 6
492 2
501 1
507 4
509 2
527 10
553 1
556 2
557 1
573 56
575 1
588 1
592 2
607 9
fn=dl_main
85 16
92 12
93 2
101 7
205 2
207 1
232 2
233 4
234 4
304 3
310 1
311 2
862 1
864 1
870 1
873 1
875 1
880 1
1140 2
1143 1
1146 1
1148 2
1150 1
1151 1
1166 1
1169 46
1170 117
1174 3
1179 3
1180 9
1189 2
1190 2
1192 1
1199 3
1211 1
1217 1
1225 8
1226 18
1227 8
1228 1
1230 12
1231 14
1235 8
1236 8
1237 4
1238 10
1239 1
1243 12
1271 2
1275 4
1277 1
1281 26
1282 61
1288 17
1294 3
1297 4
1299 3
1301 2
1320 14
1325 1
1326 1
1332 1
1348 3
1349 4
1627 10
1629 2
1630 2
1631 2
1632 3
1636 3
1637 2
1662 3
1663 6
1664 3
1665 3
1668 1
1670 1
1671 1
1673 2
1674 2
1678 2
1680 2
1688 3
1695 2
1698 2
1723 9
1731 4
1733 1
1738 2
1741 4
1742 4
1743 2
1744 1
1745 1
1746 1
1751 2
1752 3
1764 2
1765 2
1767 2
1769 1
1770 3
1775 5
1776 5
1778 4
1784 2
1786 3
1793 2
1797 1
1798 2
1822 2
1828 2
1829 1
1830 1
1834 3
1839 3
1841 1
1843 2
1847 5
1852 2
1868 6
1944 4
1948 19
1949 1
1952 3
1953 1
1954 2
1955 2
1960 3
1970 8
1976 31
1977 17
1980 4
1981 3
1982 1
1984 23
1985 22
1995 2
1997 3
1998 2
2000 2
2002 3
2004 3
2005 1
2006 2
2018 2
2019 2
2020 3
2031 4
2032 4
2033 5
2043 2
2044 2
2045 4
2047 2
2052 3
2282 3
2331 1
2338 2
2342 2
2348 2
2351 2
2359 2
2361 2
2415 3
2418 1
2422 1
2423 35
2425 14
2430 14
2432 16
2434 1
2435 1
2438 7
2440 21
2441 48
2445 18
2446 6
2454 2
2459 4
2461 1
2468 3
2471 2
2481 3
2483 4
2493 1
2498 2
2501 1
2507 1
2508 5
2516 3
2523 1
2527 3
2532 3
2533 1
2534 1
2535 1
2539 1
2544 8
2677 3
2679 1
2683 6
2685 11
2687 1
2689 41
2690 7
2698 7
2719 2
2726 6
2728 2
2729 1
2818 1
2829 1
2845 4
2877 2
fn=handle_preload_list
191 3
831 1
835 1
836 2
837 1
839 1
841 7
842 3
850 3
894 12
895 3
899 5
902 4
903 3
905 5
906 2
912 1
914 2
916 2
917 1
920 9
fn=init_tls
756 3
758 2
762 3
768 2
771 1
772 1
773 1
777 1
779 1
783 2
784 2
785 18
786 7
787 14
791 6
793 2
795 3
798 2
801 1
808 2
809 2
815 2
818 8
821 1
822 1
825 5
fn=map_doit
663 3
665 4
666 6
668 2
fn=version_check_doit
696 3
698 6
702 2
fl=./elf/./get-dynamic-info.h
fn=_dl_start
45 75
49 36
54 21
55 14
56 5
58 1
59 5
61 1
62 5
64 5
68 19
72 3
82 4
83 4
84 4
85 4
87 4
92 4
93 4
94 4
97 3
102 2
109 3
110 3
118 2
119 2
124 3
127 3
fn=dl_main
39 3
43 1
45 115
49 56
54 25
55 17
56 5
58 1
59 5
61 1
62 5
64 5
68 28
72 5
82 3
83 4
84 4
85 4
87 4
92 4
93 4
94 5
97 3
102 2
109 2
110 3
132 3
137 2
139 2
141 2
143 2
144 1
147 3
149 3
150 2
159 2
160 3
165 2
166 2
169 2
fl=./elf/./setup-vdso.h
fn=dl_main
24 2
fl=./iconv/./iconv/gconv_simple.c
fn=__gconv_btwoc_ascii
49 128
51 512
54 128
fl=./io/../sysdeps/unix/sysv/linux/access.c
fn=access
25 1
27 7
31 1
fl=./io/../sysdeps/unix/sysv/linux/close_nocancel.c
fn=__GI___close_nocancel
25 6
26 24
27 6
fl=./io/../sysdeps/unix/sysv/linux/fstat64.c
fn=fstat
29 14
30 14
35 21
fl=./io/../sysdeps/unix/sysv/linux/fstatat64.c
fn=fstatat
98 14
153 14
168 21
169 7
fl=./io/../sysdeps/unix/sysv/linux/open64_nocancel.c
fn=__open_nocancel
28 24
31 42
39 42
41 6
fl=./io/../sysdeps/unix/sysv/linux/pread64_nocancel.c
fn=__pread64_nocancel
25 8
26 16
27 4
fl=./io/../sysdeps/unix/sysv/linux/read_nocancel.c
fn=__read_nocancel
25 5
26 20
27 5
fl=./io/../sysdeps/unix/sysv/linux/write.c
fn=write
25 1
26 7
27 1
fl=./libio/../include/sys/sysmacros.h
fn=_IO_file_doallocate
47 6
fl=./libio/./libio/filedoalloc.c
fn=_IO_file_doallocate
78 9
84 9
86 4
89 2
91 2
94 2
97 4
101 3
102 2
104 4
105 1
106 8
fl=./libio/./libio/fileops.c
fn=_IO_do_write@@GLIBC_2.2.5
423 11
425 10
426 9
433 2
440 4
443 1
448 5
449 5
451 3
452 2
453 1
454 2
455 4
fn=_IO_file_overflow@@GLIBC_2.2.5
731 50
732 40
739 48
742 2
744 2
745 6
754 3
763 3
765 1
766 1
767 2
768 3
770 3
771 5
772 1
774 20
775 2
776 10
777 18
780 27
781 27
782 36
783 4
784 3
786 9
787 39
fn=_IO_file_setbuf@@GLIBC_2.2.5
381 3
382 3
385 1
387 3
389 2
390 2
fn=_IO_file_stat
1146 1
1147 2
fn=_IO_file_sync@@GLIBC_2.2.5
792 60
797 48
799 12
800 24
811 24
815 48
fn=_IO_file_write@@GLIBC_2.2.5
1173 7
1175 8
1179 3
1180 3
1181 2
1186 1
1187 1
1189 3
1190 3
1193 6
fn=_IO_file_xsputn@@GLIBC_2.2.5
1197 56
1203 28
1204 7
1210 28
1212 26
1213 12
1216 106
1218 114
1227 3
1231 1
1233 6
1235 24
1236 6
1237 18
1239 12
1243 6
1249 2
1250 7
1252 2
1263 3
1264 4
1266 3
1267 63
fl=./libio/./libio/genops.c
fn=_IO_cleanup
786 6
787 11
790 12
799 9
801 6
807 13
815 5
817 2
819 4
820 1
824 5
826 3
830 5
831 8
838 3
842 9
843 2
863 11
866 3
878 12
fn=_IO_default_setbuf
330 5
332 4
337 2
452 9
453 5
455 4
457 3
458 2
462 1
466 4
467 1
468 6
fn=_IO_default_xsputn
371 15
374 6
375 1
379 44
393 2
399 74
401 8
404 10
fn=_IO_doallocbuf
343 4
344 2
346 4
347 5
350 4
fn=_IO_flush_all_lockp
686 12
687 1
691 6
692 11
695 12
697 3
698 6
701 21
709 6
711 3
715 9
716 2
720 12
fn=_IO_no_init
563 10
564 1
565 1
566 2
586 2
587 1
588 6
fn=_IO_old_init
531 1
532 2
534 6
539 7
544 1
550 2
555 3
558 1
fn=_IO_setb
329 18
330 10
332 2
335 12
338 8
fn=__overflow
199 3
201 3
203 3
204 2
fl=./libio/./libio/iofflush.c
fn=fflush
32 44
33 22
39 154
40 55
44 55
fl=./libio/./libio/iofwrite.c
fn=fwrite
31 56
32 14
35 14
37 119
38 34
39 42
45 42
46 7
49 63
fl=./libio/./libio/libioP.h
fn=_IO_cleanup
940 4
942 2
943 2
fn=_IO_default_setbuf
940 3
942 2
943 2
fn=_IO_default_xsputn
940 3
942 16
943 16
fn=_IO_do_write@@GLIBC_2.2.5
940 4
942 2
943 2
fn=_IO_doallocbuf
940 3
942 2
943 2
fn=_IO_file_doallocate
940 3
942 2
943 2
fn=_IO_file_xsputn@@GLIBC_2.2.5
940 3
942 2
943 2
fn=_IO_flush_all_lockp
940 4
fn=__overflow
940 3
942 2
943 2
fn=fflush
883 22
884 99
940 33
942 22
943 22
fn=fwrite
883 14
884 56
940 21
942 14
943 14
fl=./libio/./libio/putc.c
fn=putc
25 7
28 2
29 7
34 4
fl=./libio/./libio/strops.c
fn=_IO_str_init_static_internal
36 14
40 2
42 1
43 5
46 5
50 10
51 3
64 1
65 7
fl=./libio/./libio/vsnprintf.c
fn=__vsnprintf_internal
95 14
99 1
104 3
110 8
111 2
112 1
113 7
114 5
116 3
117 2
119 11
fn=vsnprintf
123 1
124 2
fl=./libio/./libio/vtables.c
fn=check_stdfiles_vtables
83 1
84 4
85 3
86 3
88 1
fl=./locale/./locale/newlocale.c
fn=newlocale
43 17
55 2
56 2
63 2
66 3
72 2
73 7
75 1
277 12
fl=./locale/./locale/uselocale.c
fn=uselocale
30 4
31 12
33 8
36 8
37 4
65 12
66 12
68 12
72 12
73 4
fl=./malloc/./malloc/arena.c
fn=free
162 4518
fn=malloc
162 3016
315 1
fn=ptmalloc_init.part.0
313 6
318 1
343 2
347 3
352 4
353 4
354 4
355 4
356 4
357 4
358 4
360 4
361 4
362 4
365 4
366 4
367 2
430 7
fn=sysmalloc
565 24
fl=./malloc/./malloc/malloc.c
fn=_int_free
2012 4518
4421 16566
4431 4518
4437 7530
4438 3012
4442 6024
4449 3012
4450 10542
4493 3012
4569 3012
4572 1506
4575 7530
4578 1506
4582 4518
4585 6024
4587 4518
4590 4518
4593 3012
4594 3012
4595 3012
4601 3012
4602 1498
4603 1498
4604 1498
4605 5992
4607 2996
4610 3012
4615 3000
4619 1500
4627 1500
4628 6000
4629 3000
4631 1500
4633 3000
4635 4500
4638 1500
4639 1500
4641 4500
4642 1500
4653 6
4654 18
4655 12
4672 3012
4673 4221
4676 4221
4678 7035
4680 2820
4692 4518
4702 16566
fn=_int_malloc
1343 3018
1362 7545
2005 4531
3181 9
3183 6
3771 13581
3811 3018
3838 3018
3901 3018
3903 1
3904 5
3906 3
3963 48287
3964 4524
3982 7542
3983 4527
3984 4527
3988 1509
3993 3
3994 6039
3996 3
3997 12
3998 3
4000 6
4001 9
4003 3
4004 12
4006 12
4008 6
4009 6
4011 6
4022 12
4025 6
4045 2
4053 3
4054 3
4058 6
4060 4
4061 6042
4066 4
4067 9
4087 2
4095 5
4096 4
4097 1
4100 2
4144 3
4147 6
4149 4
4150 1
4151 1
4156 2
4157 2
4158 9
4166 3
4183 3014
4185 6024
4188 4518
4256 3014
4257 3014
4258 3014
4259 3014
4260 4521
4265 3016
4269 9026
4272 6012
4279 30
4281 14
4283 28
4287 1
4290 2
4299 3
4302 2
4304 2
4307 4
4310 4
4320 1
4325 4
4326 2
4329 1
4330 1
4331 1
4334 2
4336 2
4341 8
4343 3
4344 1
4347 1
4369 1506
4370 3012
4372 3012
4375 4566
4377 1482
4378 2964
4379 1482
4380 11856
4382 2964
4385 1482
4392 72
4397 3018
4399 15
4407 120
4408 48
4413 13581
fn=free
3352 6024
3356 3012
3364 3012
3366 1506
3368 4518
3385 4518
3391 3012
3394 1506
3395 6024
fn=malloc
1343 3016
1362 7540
3241 4
3287 9048
3294 3016
3304 4524
3306 6032
3309 3016
3311 3
3319 4524
3321 6032
3322 7540
3347 7540
fn=ptmalloc_init.part.0
1966 385
1969 381
1977 1
1978 1
1980 1
3162 7
fn=sysmalloc
2028 100
2548 216
2568 96
2579 48
2580 72
2606 24
2607 72
2608 24
2610 48
2617 257
2623 72
2626 72
2687 48
2696 96
2709 72
2713 3
2717 120
2725 48
2727 48
2728 72
2729 48
2730 24
2733 48
2764 48
2765 2
2766 120
2772 94
2773 92
2775 4
2815 3
2837 2
2838 7
2840 2
2841 4
2853 3
2895 1
2896 4
2897 5
2908 2
2941 48
2942 24
2946 23
2947 48
2950 48
2952 24
2953 24
2954 24
2955 192
2956 48
2958 48
2964 264
fn=systrim.constprop.0
2977 2820
2986 2820
2988 940
2989 1880
2990 934
2994 2820
2995 940
2998 4700
3000 1880
3007 18
3008 24
3020 18
3021 12
3023 6
3025 12
3029 12
3032 6
3033 24
3035 12
3040 3760
fn=tcache_init.part.0
3235 3
3244 8
3245 4
3246 2
3254 4
3261 2
3263 2
3264 88
3267 4
fn=unlink_chunk.constprop.0
1626 1499
1628 7495
1631 7495
1632 1499
1634 5996
1637 1499
1638 1499
1639 7492
1641 2
1642 6
1645 2
1659 1
1660 2
1663 2998
fl=./malloc/./malloc/morecore.c
fn=__glibc_morecore
25 86
26 86
29 43
30 86
34 86
fl=./malloc/./malloc/scratch_buffer_set_array_size.c
fn=__libc_scratch_buffer_set_array_size
30 50
34 5
35 10
45 10
46 5
63 20
fl=./math/../sysdeps/x86_64/fpu/multiarch/e_asin.c
fn=__acos_finite@GLIBC_2.15
35 1
fn=__asin_finite@GLIBC_2.15
27 2
fl=./math/../sysdeps/x86_64/fpu/multiarch/e_atan2.c
fn=__atan2_finite@GLIBC_2.15
26 2
fl=./math/../sysdeps/x86_64/fpu/multiarch/e_exp.c
fn=__exp_finite@GLIBC_2.15
27 2
fl=./math/../sysdeps/x86_64/fpu/multiarch/e_exp2f.c
fn=exp2f@@GLIBC_2.27
27 2
fl=./math/../sysdeps/x86_64/fpu/multiarch/e_expf.c
fn=expf@@GLIBC_2.27
27 2
fl=./math/../sysdeps/x86_64/fpu/multiarch/e_log.c
fn=__log_finite@GLIBC_2.15
27 2
fl=./math/../sysdeps/x86_64/fpu/multiarch/e_log2f.c
fn=log2f@@GLIBC_2.27
27 2
fl=./math/../sysdeps/x86_64/fpu/multiarch/e_logf.c
fn=logf@@GLIBC_2.27
27 2
fl=./math/../sysdeps/x86_64/fpu/multiarch/e_pow.c
fn=__pow_finite@GLIBC_2.15
27 2
fl=./math/../sysdeps/x86_64/fpu/multiarch/e_powf.c
fn=powf@@GLIBC_2.27
30 1
fl=./math/../sysdeps/x86_64/fpu/multiarch/ifunc-avx-fma4.h
fn=__atan2_finite@GLIBC_2.15
32 5
33 2
fn=__exp_finite@GLIBC_2.15
32 5
33 2
fn=__log_finite@GLIBC_2.15
32 5
33 2
fn=cos
32 5
33 2
fn=sin
32 5
33 2
fl=./math/../sysdeps/x86_64/fpu/multiarch/ifunc-fma.h
fn=cosf
29 4
30 3
fn=exp2f@@GLIBC_2.27
29 4
30 3
fn=expf@@GLIBC_2.27
29 4
30 3
fn=log2f@@GLIBC_2.27
29 4
30 3
fn=logf@@GLIBC_2.27
29 4
30 3
fn=powf@@GLIBC_2.27
29 4
30 4
fn=sincosf
29 4
30 3
fn=sinf
29 4
30 3
fl=./math/../sysdeps/x86_64/fpu/multiarch/ifunc-fma4.h
fn=__acos_finite@GLIBC_2.15
31 4
32 2
35 1
fn=__asin_finite@GLIBC_2.15
31 4
32 2
fn=__pow_finite@GLIBC_2.15
31 4
32 2
fl=./math/../sysdeps/x86_64/fpu/multiarch/s_cosf.c
fn=cosf
26 2
fl=./math/../sysdeps/x86_64/fpu/multiarch/s_fma.c
fn=fma
49 6
fl=./math/../sysdeps/x86_64/fpu/multiarch/s_sin.c
fn=cos
34 2
fn=sin
27 2
fl=./math/../sysdeps/x86_64/fpu/multiarch/s_sincosf.c
fn=sincosf
26 2
fl=./math/../sysdeps/x86_64/fpu/multiarch/s_sinf.c
fn=sinf
26 2
fl=./misc/../sysdeps/unix/syscall-template.S
fn=mprotect
117 45
122 9
fn=munmap
117 15
122 3
fl=./misc/../sysdeps/unix/sysv/linux/brk.c
fn=brk
35 31
36 124
37 62
43 31
44 31
fl=./misc/../sysdeps/unix/sysv/linux/mmap64.c
fn=mmap
47 50
50 50
58 100
60 25
fl=./misc/./misc/init-misc.c
fn=__init_misc
30 5
31 5
33 3
37 5
38 3
40 4
fl=./misc/./misc/sbrk.c
fn=sbrk
37 215
40 86
43 86
58 86
59 4
62 86
63 14
66 120
68 12
74 90
78 215
fl=./nptl/../sysdeps/nptl/futex-internal.h
fn=__pthread_once_slow
146 1
147 1
209 8
fl=./nptl/../sysdeps/unix/sysv/linux/x86/elision-conf.c
fn=__lll_elision_init
96 6
101 5
103 4
105 4
107 4
109 4
113 3
114 1
115 6
fl=./nptl/./nptl/alloca_cutoff.c
fn=__libc_alloca_cutoff
27 1
28 9
35 1
fl=./nptl/./nptl/cleanup_compat.c
fn=_pthread_cleanup_pop@@GLIBC_2.34
40 1
43 2
47 2
49 1
fn=_pthread_cleanup_push@@GLIBC_2.34
25 1
28 1
29 1
30 2
32 1
33 1
fl=./nptl/./nptl/libc-cleanup.c
fn=__libc_cleanup_pop_restore
39 2
42 4
44 4
45 4
47 2
fn=__libc_cleanup_push_defer
24 2
27 4
30 8
31 2
33 2
34 2
fl=./nptl/./nptl/pthread_mutex_conf.c
fn=__pthread_tunables_init
50 6
51 5
53 4
55 6
fl=./nptl/./nptl/pthread_mutex_lock.c
fn=pthread_mutex_lock@@GLIBC_2.2.5
44 1
45 8
46 1
77 3
80 3
82 1
84 2
88 2
97 2
108 4
112 1
115 2
130 3
131 2
167 1
170 1
172 1
175 1
177 1
178 3
fl=./nptl/./nptl/pthread_mutex_unlock.c
fn=pthread_mutex_unlock@@GLIBC_2.2.5
39 1
40 5
41 2
51 3
52 2
57 2
62 1
65 1
70 1
74 2
80 4
84 3
87 3
367 2
369 2
fl=./nptl/./nptl/pthread_once.c
fn=__pthread_once_slow
68 9
76 1
80 2
88 2
92 2
101 4
114 13
116 1
118 3
124 1
132 9
fn=pthread_once@@GLIBC_2.34
136 15
139 15
140 30
143 1
144 28
fl=./posix/../malloc/dynarray-skeleton.c
fn=__unregister_atfork
243 5
fl=./posix/../sysdeps/unix/syscall-template.S
fn=uname
120 5
122 1
fl=./posix/../sysdeps/unix/sysv/linux/_exit.c
fn=_Exit
27 2
30 3
31 2
fl=./posix/./posix/register-atfork.c
fn=__unregister_atfork
65 10
76 15
77 20
103 20
104 10
fl=./resource/../sysdeps/unix/sysv/linux/getrlimit64.c
fn=getrlimit
38 2
39 7
40 1
fl=./setjmp/../sysdeps/x86_64/bsd-_setjmp.S
fn=_setjmp
28 1
30 1
32 1
fl=./setjmp/../sysdeps/x86_64/setjmp.S
fn=__sigsetjmp
30 13
32 13
41 13
42 26
43 13
47 13
48 13
49 13
50 13
51 13
53 26
55 13
56 13
57 13
59 26
61 13
66 1
67 1
69 12
72 12
73 12
80 12
81 12
84 1
fl=./setjmp/./setjmp/sigjmp.c
fn=__sigjmp_save
28 3
29 1
30 2
34 3
fl=./stdio-common/../include/../locale/localeinfo.h
fn=__printf_fp_l
315 3
fl=./stdio-common/../include/rounding-mode.h
fn=__printf_fp_l
52 2
fl=./stdio-common/../libio/libioP.h
fn=__vfprintf_internal
940 4
942 6
943 4
fl=./stdio-common/../sysdeps/generic/get-rounding-mode.h
fn=__printf_fp_l
94 1
95 7
fl=./stdio-common/../sysdeps/pthread/allocalim.h
fn=__printf_fp_l
27 2
29 5
fl=./stdio-common/./stdio-common/printf-parse.h
fn=__vfprintf_internal
88 1
111 8
fl=./stdio-common/./stdio-common/printf_fp.c
fn=__printf_fp
1278 3
1279 4
fn=__printf_fp_l
216 16
233 1
234 1
257 1
260 2
266 6
274 1
277 3
280 2
298 3
306 1
387 2
388 2
392 2
396 17
432 5
433 1
434 2
437 18
438 16
439 16
445 1
446 2
449 1
459 1
460 7
463 3
467 4
471 4
472 1
474 6
475 9
476 2
477 5
479 2
484 13
488 77
490 8
493 3
503 3
534 2
535 5
541 12
543 2
546 4
547 4
548 6
551 27
554 8
555 4
556 5
557 4
560 13
562 26
563 2
569 4
573 12
577 3
579 2
605 1
608 8
624 3
626 3
627 6
629 6
643 2
813 1
831 3
840 2
841 6
843 2
847 2
853 2
861 1
873 6
874 5
883 2
887 1
888 2
889 4
895 4
898 6
901 2
915 4
916 1
922 1
932 18
933 5
936 5
939 15
942 24
944 1
946 6
947 5
948 3
960 3
961 4
962 6
963 13
965 1
966 3
967 1
969 4
978 3
979 5
981 8
1097 4
1104 2
1107 3
1120 3
1166 7
1168 7
1170 8
1175 3
1177 2
1180 5
1188 3
1195 3
1200 4
1202 4
1203 2
1207 4
1209 3
1220 16
1227 33
1228 21
1229 4
1230 12
1233 12
1237 6
1254 107
1257 3
1268 3
1272 12
fn=hack_digit
170 28
173 21
175 21
177 14
183 14
187 56
189 28
190 7
192 14
193 42
200 14
204 21
205 14
206 35
210 35
fl=./stdio-common/./stdio-common/vfprintf-internal.c
fn=__vfprintf_internal
127 29
239 14
351 3
352 3
354 2
1180 12
1210 5
1214 1
1218 5
1222 5
1233 2
1240 1
1244 6
1248 1
1259 4
1263 4
1267 3
1271 8
1291 1
1292 1
1293 1
1294 1
1295 1
1298 1
1299 1
1300 1
1301 1
1302 1
1303 1
1306 1
1307 2
1313 15
1352 3
1421 1
1422 3
1426 2
1427 4
1442 9
1445 2
1463 18
1499 2
1501 2
1516 3
1532 6
1535 34
1555 17
1556 2
1559 2
1564 2
1583 1
1589 1
1593 4
1595 3
1608 2
1609 2
1612 12
fl=./stdlib/../sysdeps/ieee754/dbl-64/dbl2mpn.c
fn=__mpn_extract_double
33 3
35 1
37 3
38 5
47 3
56 3
103 2
107 2
fl=./stdlib/../sysdeps/unix/sysv/linux/getrandom.c
fn=getrandom
28 1
29 7
30 1
fl=./stdlib/../sysdeps/x86_64/lshift.S
fn=__mpn_lshift
28 1
29 1
30 1
32 1
33 1
34 1
46 1
47 1
48 1
49 1
50 1
51 1
52 1
58 1
59 1
60 1
fl=./stdlib/../sysdeps/x86_64/mul_1.S
fn=__mpn_mul_1
31 9
32 9
35 9
36 9
37 9
38 9
39 9
41 9
42 9
44 9
45 9
46 9
47 9
48 7
50 7
51 7
52 7
53 7
79 2
80 2
81 2
82 2
83 2
84 2
85 2
86 2
87 2
113 2
114 2
115 2
117 2
118 2
119 2
120 2
121 2
122 9
124 9
127 9
fl=./stdlib/../sysdeps/x86_64/rshift.S
fn=__mpn_rshift
28 2
29 2
30 2
31 2
44 2
45 2
61 2
62 2
63 2
64 2
65 2
66 2
67 2
72 2
73 2
74 2
75 2
76 2
fl=./stdlib/./stdlib/cmp.c
fn=__mpn_cmp
31 3
35 6
37 3
38 3
39 6
47 15
fl=./stdlib/./stdlib/cxa_atexit.c
fn=__cxa_atexit
41 22
43 66
44 22
46 22
53 33
55 11
56 22
58 11
59 44
60 11
69 99
71 66
fn=__new_exitfn
82 55
83 22
88 22
93 48
95 44
96 50
103 1
106 20
124 1
125 2
131 30
132 20
138 11
139 11
143 55
fl=./stdlib/./stdlib/cxa_finalize.c
fn=__cxa_finalize
30 45
33 30
36 30
40 176
41 108
43 9
45 9
76 9
79 27
82 36
83 27
84 36
88 18
94 35
98 30
105 10
106 10
107 20
108 40
fl=./stdlib/./stdlib/cxa_thread_atexit_impl.c
fn=__call_tls_dtors
149 4
150 4
168 4
fl=./stdlib/./stdlib/divrem.c
fn=__mpn_divrem
46 91
47 7
49 14
62 7
63 7
65 14
72 77
73 21
76 14
79 7
234 63
fl=./stdlib/./stdlib/exit.c
fn=__run_exit_handlers
40 11
45 2
46 2
48 5
56 1
58 3
62 1
66 27
68 22
71 95
98 1
105 4
106 2
107 2
109 4
112 8
113 6
114 8
124 2
125 2
131 4
133 2
134 9
136 2
fn=exit
142 4
143 4
fl=./stdlib/./stdlib/mul.c
fn=__mpn_mul
48 34
54 4
66 4
71 2
72 4
81 2
83 6
84 2
88 4
142 22
fl=./stdlib/./stdlib/rand.c
fn=rand
26 1000000
27 500000
28 1000000
fl=./stdlib/./stdlib/random.c
fn=random
288 2500000
291 1500000
293 1500000
295 2000000
297 500000
298 2500000
fn=srand
209 6
210 8
211 6
212 8
213 4
fl=./stdlib/./stdlib/random_r.c
fn=random_r
354 500000
357 2000000
360 516128
362 1500000
370 500000
371 500000
372 500000
375 1500000
377 1000000
378 500000
379 1000000
382 500000
387 983872
390 2000000
393 500000
398 1935488
fn=srandom_r
162 2
170 4
172 2
173 4
176 2
180 8
181 4
186 2
187 130
192 480
193 120
194 180
196 180
197 120
200 12
202 2
203 1244
210 44
362 1860
370 620
371 620
372 620
375 1240
378 620
379 1240
382 620
387 1200
390 2480
fl=./string/../include/rtld-malloc.h
fn=strdup
56 10
fl=./string/../sysdeps/x86/cacheinfo.c
fn=__x86_cacheinfo
86 3
fl=./string/../sysdeps/x86/cacheinfo.h
fn=__x86_cacheinfo
61 1
64 3
66 3
67 1
73 3
75 3
76 1
80 2
82 2
83 2
84 2
86 2
fl=./string/../sysdeps/x86_64/multiarch/../strchr.S
fn=index
23 26
24 26
25 26
26 26
27 26
28 26
29 26
30 26
31 26
32 26
33 26
34 26
35 26
36 26
37 26
38 26
39 26
40 26
41 22
45 22
46 22
47 22
48 22
50 22
54 4
55 4
56 4
57 4
58 4
59 4
60 4
61 4
62 4
63 4
64 4
65 4
66 4
67 4
68 4
69 4
70 4
71 4
72 4
73 4
74 4
75 4
76 4
77 6
82 1
83 1
86 1
87 1
88 1
89 1
90 1
91 1
92 1
93 1
94 1
95 1
96 1
97 1
98 1
99 1
100 1
101 1
102 1
103 1
105 1
106 1
108 1
109 1
110 1
111 1
112 1
113 1
114 1
115 1
117 1
118 1
119 1
120 1
121 1
122 1
123 1
124 1
125 1
126 1
129 4
133 4
134 4
135 4
136 4
138 4
fl=./string/../sysdeps/x86_64/multiarch/ifunc-avx2.h
fn=memrchr
32 2
33 5
34 3
36 2
37 2
40 3
43 4
fn=rindex
32 2
33 5
34 3
36 2
37 2
40 3
43 4
fn=strchrnul
32 2
33 5
34 3
36 2
37 2
40 3
43 4
fn=strlen
32 4
33 10
34 6
36 4
37 4
40 6
43 8
fn=strnlen
32 4
33 10
34 6
36 4
37 4
40 6
43 8
fl=./string/../sysdeps/x86_64/multiarch/ifunc-evex.h
fn=memchr
34 4
35 10
36 6
38 4
39 4
41 4
47 6
50 8
fn=rawmemchr
34 2
35 5
36 3
38 2
39 2
41 2
47 3
50 4
fl=./string/../sysdeps/x86_64/multiarch/ifunc-memcmp.h
fn=bcmp
34 8
35 6
36 4
37 6
39 4
40 4
43 6
46 6
fl=./string/../sysdeps/x86_64/multiarch/ifunc-memmove.h
fn=memcpy@@GLIBC_2.14
52 4
53 6
56 6
57 4
70 4
72 4
80 4
88 4
90 10
fn=memmove
52 6
53 9
56 9
57 6
70 6
72 6
80 6
88 6
90 15
fn=mempcpy
52 2
53 3
56 3
57 2
70 2
72 2
80 2
88 2
90 5
fl=./string/../sysdeps/x86_64/multiarch/ifunc-memset.h
fn=memset
50 5
53 3
54 2
60 2
69 2
71 2
81 2
89 2
91 5
fl=./string/../sysdeps/x86_64/multiarch/ifunc-sse4_2.h
fn=strcspn
30 5
fn=strpbrk
30 5
fn=strspn
30 5
fl=./string/../sysdeps/x86_64/multiarch/ifunc-strcasecmp.h
fn=strcasecmp
32 5
fn=strcasecmp_l
32 5
fn=strncasecmp
32 5
fn=strncasecmp_l
32 5
fl=./string/../sysdeps/x86_64/multiarch/ifunc-strcpy.h
fn=stpcpy
36 4
37 3
39 2
40 2
43 3
46 3
fn=stpncpy
36 4
37 3
39 2
40 2
43 3
46 3
fn=strcat
36 4
37 3
39 2
40 2
43 3
46 3
fn=strcpy
36 4
37 3
39 2
40 2
43 3
46 3
fn=strncpy
36 4
37 3
39 2
40 2
43 3
46 3
fl=./string/../sysdeps/x86_64/multiarch/memchr-avx2.S
fn=__memchr_avx2
60 1
67 1
69 1
72 1
73 1
75 1
76 1
77 1
78 1
81 1
82 1
85 1
86 1
98 1
103 1
104 1
105 1
106 1
107 2
fl=./string/../sysdeps/x86_64/multiarch/memchr.c
fn=memchr
29 4
fl=./string/../sysdeps/x86_64/multiarch/memcmp-avx2-movbe.S
fn=__memcmp_avx2_movbe
71 50
78 50
79 50
82 1
83 1
84 1
88 1
89 1
91 1
92 1
95 1
96 1
97 1
100 1
101 1
104 1
105 1
108 1
109 1
110 1
111 1
112 1
113 1
114 1
115 1
116 1
117 1
120 1
121 1
127 1
128 1
129 1
130 1
134 1
135 1
137 1
138 1
139 1
140 1
143 1
144 1
145 1
146 1
147 1
148 1
150 2
154 39
164 39
165 39
166 39
169 78
399 49
400 49
405 49
406 49
407 49
408 49
409 49
412 49
413 49
414 49
415 49
418 49
419 49
420 10
421 20
fl=./string/../sysdeps/x86_64/multiarch/memcmp.c
fn=bcmp
29 6
fl=./string/../sysdeps/x86_64/multiarch/memcpy.c
fn=memcpy@@GLIBC_2.14
29 2
fl=./string/../sysdeps/x86_64/multiarch/memmove-vec-unaligned-erms.S
fn=__memcpy_avx_unaligned_erms
307 1503
308 1503
314 1510
315 1510
317 1500
318 1500
319 1500
357 10
358 10
360 8
361 8
363 6
367 6
368 4
369 4
370 4
371 4
372 2
373 2
375 4
377 4
383 2
384 2
385 2
386 2
387 2
394 2
395 2
396 2
397 2
399 2
416 2
417 2
418 2
419 2
420 2
438 1500
439 1500
444 1500
445 1500
469 1500
470 1500
474 1500
476 1500
480 1500
481 1500
492 1500
495 1500
497 1500
499 1500
503 1500
504 1500
513 1412
514 1412
516 1412
518 1412
519 1412
520 1412
523 1412
525 1412
527 1412
529 2824
535 21180
536 21180
537 21180
538 21180
539 21180
540 21180
541 21180
542 21180
543 21180
544 21180
545 21180
546 21180
548 1412
549 1412
550 1412
551 1412
553 1412
557 2824
570 88
571 88
573 88
574 88
575 88
577 88
579 88
581 176
587 1320
588 1320
589 1320
590 1320
591 1320
592 1320
593 1320
594 1320
595 1320
596 1320
597 1320
598 1320
600 88
601 88
602 88
603 88
605 88
606 176
fn=__mempcpy_avx_unaligned_erms
294 7
295 7
296 7
297 7
fn=memcpy
212 30
213 30
219 43
220 43
222 29
223 29
224 29
226 13
227 13
228 13
230 13
360 14
361 14
363 7
367 7
368 4
369 4
370 3
371 3
372 2
373 2
375 3
377 4
383 3
384 3
385 3
386 3
387 3
416 7
417 7
418 7
419 7
420 7
427 11
428 11
429 11
430 11
431 11
432 11
433 11
444 16
445 16
447 15
448 15
449 15
451 4
452 4
453 4
454 4
455 4
456 4
457 4
458 4
459 4
460 4
461 4
462 4
463 4
464 4
465 4
469 1
470 1
474 1
476 1
492 1
495 1
497 1
499 1
503 1
504 1
513 1
514 1
516 1
518 1
519 1
520 1
523 1
525 1
527 1
529 1
535 3
536 3
537 3
538 3
539 3
540 3
541 3
542 3
543 3
544 3
545 3
546 3
548 1
549 1
550 1
551 1
553 1
557 1
fn=mempcpy
199 13
200 13
201 13
202 13
fl=./string/../sysdeps/x86_64/multiarch/memmove.c
fn=memmove
29 3
fl=./string/../sysdeps/x86_64/multiarch/mempcpy.c
fn=mempcpy
33 1
fl=./string/../sysdeps/x86_64/multiarch/memrchr.c
fn=memrchr
29 3
fl=./string/../sysdeps/x86_64/multiarch/memset-vec-unaligned-erms.S
fn=memset
125 11
126 55
132 11
133 11
134 9
135 9
137 1
138 1
139 1
204 4
205 4
207 4
283 8
284 8
289 8
292 8
293 8
296 4
297 4
310 4
311 4
313 4
316 3
319 6
322 85
323 85
324 85
325 85
326 85
327 85
328 85
331 4
332 4
333 4
334 4
339 4
368 2
369 2
370 2
402 2
403 2
404 2
fl=./string/../sysdeps/x86_64/multiarch/memset.c
fn=memset
29 1
fl=./string/../sysdeps/x86_64/multiarch/rawmemchr.c
fn=rawmemchr
31 2
fl=./string/../sysdeps/x86_64/multiarch/stpcpy.c
fn=stpcpy
33 3
fl=./string/../sysdeps/x86_64/multiarch/stpncpy.c
fn=stpncpy
31 3
fl=./string/../sysdeps/x86_64/multiarch/strcasecmp.c
fn=strcasecmp
31 2
fl=./string/../sysdeps/x86_64/multiarch/strcasecmp_l.c
fn=strcasecmp_l
31 2
fl=./string/../sysdeps/x86_64/multiarch/strcat.c
fn=strcat
29 3
fl=./string/../sysdeps/x86_64/multiarch/strchr-avx2.S
fn=__strchrnul_avx2
51 2
53 2
54 2
55 2
56 2
57 2
60 2
61 2
65 2
66 2
67 2
68 2
69 2
70 2
71 2
72 2
78 2
79 4
fl=./string/../sysdeps/x86_64/multiarch/strchr.c
fn=index
40 2
41 4
42 3
44 2
45 2
48 3
51 3
61 3
fl=./string/../sysdeps/x86_64/multiarch/strchrnul.c
fn=strchrnul
31 3
fl=./string/../sysdeps/x86_64/multiarch/strcmp.c
fn=strcmp
41 4
42 3
44 2
49 3
52 3
65 2
fl=./string/../sysdeps/x86_64/multiarch/strcpy.c
fn=strcpy
29 3
fl=./string/../sysdeps/x86_64/multiarch/strcspn.c
fn=strcspn
29 2
fl=./string/../sysdeps/x86_64/multiarch/strlen-avx2.S
fn=__strlen_avx2
50 73
63 73
64 73
65 73
68 73
70 73
71 73
74 73
75 73
83 73
84 73
85 73
90 146
fl=./string/../sysdeps/x86_64/multiarch/strlen-vec.S
fn=strlen
41 28
85 28
86 28
87 28
88 28
89 28
90 28
91 28
93 28
95 28
126 28
127 28
128 28
129 28
130 28
131 13
133 13
137 15
138 15
139 15
140 15
141 15
142 15
143 15
144 15
145 15
146 15
147 15
148 15
153 114
227 3
228 3
229 3
230 3
231 3
232 3
233 3
234 3
250 3
252 3
253 42
255 3
256 3
257 3
259 3
fl=./string/../sysdeps/x86_64/multiarch/strlen.c
fn=strlen
29 6
fl=./string/../sysdeps/x86_64/multiarch/strncase.c
fn=strncasecmp
31 2
fl=./string/../sysdeps/x86_64/multiarch/strncase_l.c
fn=strncasecmp_l
31 2
fl=./string/../sysdeps/x86_64/multiarch/strncmp.c
fn=strncmp
41 4
42 3
44 2
49 3
52 3
66 2
fl=./string/../sysdeps/x86_64/multiarch/strncpy.c
fn=strncpy
29 3
fl=./string/../sysdeps/x86_64/multiarch/strnlen.c
fn=strnlen
31 6
fl=./string/../sysdeps/x86_64/multiarch/strpbrk.c
fn=strpbrk
29 2
fl=./string/../sysdeps/x86_64/multiarch/strrchr-avx2.S
fn=__strrchr_avx2
46 1
47 1
48 1
50 1
51 1
54 1
55 1
56 1
58 1
59 1
60 1
61 1
62 1
63 1
65 1
66 1
78 1
79 1
219 1
220 1
221 1
222 1
223 1
225 1
226 1
227 1
228 2
fl=./string/../sysdeps/x86_64/multiarch/strrchr.c
fn=rindex
28 3
fl=./string/../sysdeps/x86_64/multiarch/strspn.c
fn=strspn
29 2
fl=./string/../sysdeps/x86_64/strcmp.S
fn=strcmp
108 2612
141 2612
142 2612
144 2612
145 2612
166 2612
167 2612
168 2463
169 2463
170 2382
171 2382
172 2382
173 2382
194 2382
195 2382
196 2382
197 2382
198 2382
199 2382
200 2382
205 42
206 126
215 272
216 272
217 272
218 272
219 272
220 272
221 272
222 272
223 164
224 90
225 90
226 90
228 164
229 164
230 164
231 164
232 164
233 164
243 108
244 108
245 108
247 108
253 108
254 108
255 108
256 108
257 108
262 108
264 101
265 101
266 202
274 120
275 120
278 120
279 120
280 120
281 120
282 120
283 120
289 31
290 31
291 31
294 31
295 31
296 31
297 31
298 31
299 31
304 19
305 19
444 2
445 2
446 2
447 2
448 2
450 2
451 2
452 2
453 2
454 2
455 2
456 2
457 2
460 2
461 2
462 2
468 2
469 2
470 4
474 2
475 2
478 2
479 2
480 2
483 2
484 2
485 2
491 2
492 2
493 2
494 2
495 2
496 2
503 1
504 1
506 1
507 1
509 1
510 1
511 1
514 1
515 1
516 1
522 1
523 1
524 1
525 1
526 1
527 1
818 3
819 3
820 3
821 3
822 3
824 3
825 3
826 3
827 3
828 3
829 3
830 3
831 2
835 2
836 2
837 2
843 2
844 2
845 4
849 2
850 2
853 2
854 2
855 2
858 2
859 2
860 2
866 2
867 2
868 2
869 2
870 2
871 2
878 2
879 2
881 2
882 2
884 2
885 2
886 2
889 2
890 2
891 2
897 2
898 2
899 2
900 2
901 2
902 2
943 2
944 2
945 2
946 2
947 2
949 2
950 2
951 2
952 2
953 2
954 2
955 2
956 2
960 2
961 2
962 2
968 2
969 2
970 4
974 2
975 2
978 2
979 2
980 2
983 2
984 2
985 2
991 2
992 2
993 2
994 2
995 2
996 2
1068 10
1069 10
1070 10
1071 10
1072 10
1074 10
1075 10
1076 10
1077 10
1078 10
1079 10
1080 10
1081 3
1085 3
1086 3
1087 3
1093 3
1094 3
1095 6
1099 3
1100 3
1103 3
1104 3
1105 3
1108 3
1109 3
1110 3
1116 3
1117 3
1118 3
1119 3
1120 3
1121 3
1128 1
1129 1
1131 1
1132 1
1134 1
1135 1
1136 1
1139 1
1140 1
1141 1
1147 1
1148 1
1149 1
1150 1
1151 1
1152 1
1193 2
1194 2
1195 2
1196 2
1197 2
1199 2
1200 2
1201 2
1202 2
1203 2
1204 2
1205 2
1318 31
1319 31
1320 31
1321 31
1322 31
1324 31
1325 31
1326 31
1327 31
1328 31
1329 31
1330 31
1331 8
1335 8
1336 8
1337 8
1343 8
1344 8
1345 16
1349 9
1350 9
1353 8
1354 8
1355 8
1358 8
1359 8
1360 8
1366 8
1367 8
1368 8
1369 8
1370 8
1371 8
1378 2
1379 2
1381 2
1382 2
1384 2
1385 2
1386 2
1389 2
1390 2
1391 2
1397 2
1398 2
1399 2
1400 2
1401 2
1402 2
1409 1
1410 1
1411 1
1415 1
1416 1
1417 1
1418 1
1431 1
1432 1
1433 1
1434 1
1443 9
1444 9
1445 9
1446 9
1447 9
1449 9
1450 9
1451 9
1452 9
1453 9
1454 9
1455 9
1456 9
1460 9
1461 9
1462 9
1468 9
1469 9
1470 18
1474 9
1475 9
1478 9
1479 9
1480 9
1483 9
1484 9
1485 9
1491 9
1492 9
1493 9
1494 9
1495 9
1496 9
1568 13
1569 13
1570 13
1571 13
1572 13
1574 13
1575 13
1576 13
1577 13
1578 13
1579 13
1580 13
1581 7
1585 7
1586 7
1587 7
1593 7
1594 7
1595 14
1599 7
1600 7
1603 7
1604 7
1605 7
1608 7
1609 7
1610 7
1616 7
1617 7
1618 7
1619 7
1620 7
1621 7
1693 15
1694 15
1695 15
1696 15
1697 15
1699 15
1700 15
1701 15
1702 15
1703 15
1704 15
1705 15
1706 8
1710 8
1711 8
1712 8
1718 8
1719 8
1720 16
1724 8
1725 8
1728 8
1729 8
1730 8
1733 8
1734 8
1735 8
1741 8
1742 8
1743 8
1744 8
1745 8
1746 8
1818 15
1819 15
1820 15
1821 15
1822 15
1824 15
1825 15
1826 15
1827 15
1828 15
1829 15
1830 15
1831 9
1835 9
1836 9
1837 9
1843 9
1844 9
1845 18
1849 9
1850 9
1853 9
1854 9
1855 9
1858 9
1859 9
1860 9
1866 9
1867 9
1868 9
1869 9
1870 9
1871 9
1878 1
1879 1
1881 1
1882 1
1884 1
1885 1
1886 1
1889 1
1890 1
1891 1
1897 1
1898 1
1899 1
1900 1
1901 1
1902 1
1943 5
1944 5
1945 5
1946 5
1947 5
1949 5
1950 5
1951 5
1952 5
1953 5
1954 5
1955 5
1956 3
1960 3
1961 3
1962 3
1968 3
1969 3
1970 6
1974 3
1975 3
1978 3
1979 3
1980 3
1983 3
1984 3
1985 3
1991 3
1992 3
1993 3
1994 3
1995 3
1996 3
2068 57
2069 57
2070 57
2071 57
2072 57
2074 57
2075 57
2076 57
2077 57
2078 57
2079 57
2080 57
2082 15
2086 15
2087 15
2088 15
2094 15
2095 15
2097 30
2101 15
2102 15
2105 15
2106 15
2107 15
2110 15
2111 15
2112 15
2118 15
2119 15
2120 15
2121 15
2122 15
2123 15
2130 2
2131 2
2133 2
2134 2
2136 2
2137 2
2138 2
2141 2
2142 2
2143 2
2149 2
2150 2
2151 2
2152 2
2153 2
2154 2
2190 1
2191 1
2192 1
2193 2
2197 169
2199 272
2200 272
2201 272
2202 272
2203 180
2208 2612
2214 2612
2215 2612
2223 2612
2224 2612
fl=./string/../sysdeps/x86_64/strcspn.S
fn=strcspn
25 1
27 1
34 1
35 1
37 1
38 1
39 1
40 1
41 33
44 3
51 1
52 1
53 1
54 1
56 1
57 1
58 1
59 1
61 1
62 1
63 1
72 3
84 18
86 18
87 18
88 18
90 18
91 18
92 18
94 17
95 17
96 17
98 17
99 17
100 17
104 1
106 1
113 1
117 1
fl=./string/./string/strdup.c
fn=strdup
40 25
41 10
44 10
47 20
48 15
fl=./time/../sysdeps/unix/sysv/linux/clock_gettime.c
fn=clock_gettime@@GLIBC_2.17
30 2
38 4
40 4
44 2
68 4
69 4
86 2
fl=./time/../sysdeps/unix/sysv/linux/dl-vdso.h
fn=time
40 2
41 2
fl=./time/../sysdeps/unix/sysv/linux/time.c
fn=time
38 3
fn=time_syscall
31 2
32 8
33 2
fl=./wcsmbs/../sysdeps/x86_64/multiarch/ifunc-avx2.h
fn=wcschr
32 4
33 10
34 6
36 4
37 4
40 6
43 8
fn=wcscmp
32 2
33 5
34 3
36 2
37 2
40 3
43 4
fl=./wcsmbs/../sysdeps/x86_64/multiarch/ifunc-evex.h
fn=wmemchr
34 4
35 10
36 6
38 4
39 4
41 4
47 6
50 8
fl=./wcsmbs/../sysdeps/x86_64/multiarch/ifunc-memcmp.h
fn=wmemcmp
34 4
35 3
36 2
37 3
39 2
40 2
43 3
46 3
fl=./wcsmbs/../sysdeps/x86_64/multiarch/ifunc-wcslen.h
fn=wcslen
33 2
34 4
35 3
37 2
38 2
41 3
44 3
fn=wcsnlen
33 2
34 4
35 3
37 2
38 2
41 3
44 3
fl=./wcsmbs/../sysdeps/x86_64/multiarch/ifunc-wmemset.h
fn=wmemset
33 10
34 6
36 4
44 6
47 8
fl=./wcsmbs/../sysdeps/x86_64/multiarch/wcschr.c
fn=wcschr
31 6
fl=./wcsmbs/../sysdeps/x86_64/multiarch/wcscmp.c
fn=wcscmp
30 3
fl=./wcsmbs/../sysdeps/x86_64/multiarch/wcscpy.c
fn=wcscpy
37 5
43 2
fl=./wcsmbs/../sysdeps/x86_64/multiarch/wcslen.c
fn=wcslen
29 3
fl=./wcsmbs/../sysdeps/x86_64/multiarch/wcsnlen.c
fn=wcsnlen
29 3
fl=./wcsmbs/../sysdeps/x86_64/multiarch/wmemchr.c
fn=wmemchr
31 4
fl=./wcsmbs/../sysdeps/x86_64/multiarch/wmemcmp.c
fn=wmemcmp
29 3
fl=./wcsmbs/../sysdeps/x86_64/multiarch/wmemset.c
fn=wmemset
31 4
fl=./wcsmbs/./wcsmbs/btowc.c
fn=btowc
32 3584
37 1792
42 512
46 384
47 256
49 256
54 512
57 640
98 2304
fl=./wcsmbs/./wcsmbs/wctob.c
fn=wctob
30 1664
39 384
44 256
45 128
81 1024
fl=./wcsmbs/./wcsmbsload.h
fn=btowc
69 384
71 384
72 128
fl=./wctype/./wctype/wctype_l.c
fn=wctype_l
26 100
29 20
32 20
33 68
35 174
37 410
40 48
41 96
45 10
46 10
47 80
fl=???
fn=(below main)
0 12
fn=???
0 1021853
fn=_GLOBAL__sub_I__Z29multiplicarMatricesPorBloquesRSt6vectorIS_IiSaIiEESaIS1_EES4_S4_i
0 8
fn=__cpu_indicator_init
0 352
fn=__cxa_get_globals
0 14
fn=__gnu_cxx::__alloc_traits<std::allocator<int>, int>::_S_select_on_copy(std::allocator<int> const&)
0 30000
fn=__gnu_cxx::__enable_if<std::__is_scalar<int>::__value, void>::__type std::__fill_a1<int*, int>(int*, int*, int const&)
0 10551
fn=__gnu_cxx::__normal_iterator<int const*, std::vector<int, std::allocator<int> > > std::__miter_base<__gnu_cxx::__normal_iterator<int const*, std::vector<int, std::allocator<int> > > >(__gnu_cxx::__normal_iterator<int const*, std::vector<int, std::allocator<int> > >)
0 21000
fn=__gnu_cxx::__normal_iterator<int const*, std::vector<int, std::allocator<int> > >::__normal_iterator(int const* const&)
0 36000
fn=__gnu_cxx::__normal_iterator<int const*, std::vector<int, std::allocator<int> > >::base() const
0 21000
fn=__gnu_cxx::new_allocator<int>::_M_max_size() const
0 10542
fn=__gnu_cxx::new_allocator<int>::allocate(unsigned long, void const*)
0 36072
fn=__gnu_cxx::new_allocator<int>::deallocate(int*, unsigned long)
0 22545
fn=__gnu_cxx::new_allocator<int>::max_size() const
0 30
fn=__gnu_cxx::new_allocator<int>::new_allocator()
0 21
fn=__gnu_cxx::new_allocator<int>::new_allocator(__gnu_cxx::new_allocator<int> const&)
0 24048
fn=__gnu_cxx::new_allocator<int>::~new_allocator()
0 21063
fn=__gnu_cxx::new_allocator<std::vector<int, std::allocator<int> > >::_M_max_size() const
0 42
fn=__gnu_cxx::new_allocator<std::vector<int, std::allocator<int> > >::allocate(unsigned long, void const*)
0 81
fn=__gnu_cxx::new_allocator<std::vector<int, std::allocator<int> > >::deallocate(std::vector<int, std::allocator<int> >*, unsigned long)
0 57
fn=__gnu_cxx::new_allocator<std::vector<int, std::allocator<int> > >::max_size() const
0 30
fn=__gnu_cxx::new_allocator<std::vector<int, std::allocator<int> > >::new_allocator()
0 21
fn=__gnu_cxx::new_allocator<std::vector<int, std::allocator<int> > >::new_allocator(__gnu_cxx::new_allocator<std::vector<int, std::allocator<int> > > const&)
0 48
fn=__gnu_cxx::new_allocator<std::vector<int, std::allocator<int> > >::~new_allocator()
0 63
fn=__gnu_cxx::stdio_sync_filebuf<char, std::char_traits<char> >::overflow(int)
0 7
fn=__gnu_cxx::stdio_sync_filebuf<char, std::char_traits<char> >::sync()
0 18
fn=__gnu_cxx::stdio_sync_filebuf<char, std::char_traits<char> >::xsputn(char const*, long)
0 42
fn=__gnu_cxx::stdio_sync_filebuf<wchar_t, std::char_traits<wchar_t> >::sync()
0 15
fn=__static_initialization_and_destruction_0(int, int)
0 23
fn=bool std::has_facet<std::ctype<char> >(std::locale const&)
0 12
fn=bool std::has_facet<std::ctype<wchar_t> >(std::locale const&)
0 12
fn=bool std::has_facet<std::num_get<char, std::istreambuf_iterator<char, std::char_traits<char> > > >(std::locale const&)
0 12
fn=bool std::has_facet<std::num_get<wchar_t, std::istreambuf_iterator<wchar_t, std::char_traits<wchar_t> > > >(std::locale const&)
0 12
fn=bool std::has_facet<std::num_put<char, std::ostreambuf_iterator<char, std::char_traits<char> > > >(std::locale const&)
0 12
fn=bool std::has_facet<std::num_put<wchar_t, std::ostreambuf_iterator<wchar_t, std::char_traits<wchar_t> > > >(std::locale const&)
0 12
fn=int const& std::min<int>(int const&, int const&)
0 2871093750
fn=int const* std::__niter_base<int const*, std::vector<int, std::allocator<int> > >(__gnu_cxx::__normal_iterator<int const*, std::vector<int, std::allocator<int> > >)
0 33000
fn=int* std::__copy_move<false, true, std::random_access_iterator_tag>::__copy_m<int>(int const*, int const*, int*)
0 39000
fn=int* std::__copy_move_a1<false, int const*, int*>(int const*, int const*, int*)
0 22500
fn=int* std::__copy_move_a2<false, int const*, int*>(int const*, int const*, int*)
0 22500
fn=int* std::__copy_move_a<false, __gnu_cxx::__normal_iterator<int const*, std::vector<int, std::allocator<int> > >, int*>(__gnu_cxx::__normal_iterator<int const*, std::vector<int, std::allocator<int> > >, __gnu_cxx::__normal_iterator<int const*, std::vector<int, std::allocator<int> > >, int*)
0 51000
fn=int* std::__fill_n_a<int*, unsigned long, int>(int*, unsigned long, int const&, std::random_access_iterator_tag)
0 72
fn=int* std::__niter_base<int*>(int*)
0 10500
fn=int* std::__niter_wrap<int*>(int* const&, int*)
0 12000
fn=int* std::__uninitialized_copy<true>::__uninit_copy<__gnu_cxx::__normal_iterator<int const*, std::vector<int, std::allocator<int> > >, int*>(__gnu_cxx::__normal_iterator<int const*, std::vector<int, std::allocator<int> > >, __gnu_cxx::__normal_iterator<int const*, std::vector<int, std::allocator<int> > >, int*)
0 22500
fn=int* std::__uninitialized_copy_a<__gnu_cxx::__normal_iterator<int const*, std::vector<int, std::allocator<int> > >, int*, int>(__gnu_cxx::__normal_iterator<int const*, std::vector<int, std::allocator<int> > >, __gnu_cxx::__normal_iterator<int const*, std::vector<int, std::allocator<int> > >, int*, std::allocator<int>&)
0 24000
fn=int* std::__uninitialized_fill_n<true>::__uninit_fill_n<int*, unsigned long, int>(int*, unsigned long, int const&)
0 45
fn=int* std::__uninitialized_fill_n_a<int*, unsigned long, int, int>(int*, unsigned long, int const&, std::allocator<int>&)
0 48
fn=int* std::copy<__gnu_cxx::__normal_iterator<int const*, std::vector<int, std::allocator<int> > >, int*>(__gnu_cxx::__normal_iterator<int const*, std::vector<int, std::allocator<int> > >, __gnu_cxx::__normal_iterator<int const*, std::vector<int, std::allocator<int> > >, int*)
0 36000
fn=int* std::fill_n<int*, unsigned long, int>(int*, unsigned long, int const&)
0 63
fn=int* std::uninitialized_copy<__gnu_cxx::__normal_iterator<int const*, std::vector<int, std::allocator<int> > >, int*>(__gnu_cxx::__normal_iterator<int const*, std::vector<int, std::allocator<int> > >, __gnu_cxx::__normal_iterator<int const*, std::vector<int, std::allocator<int> > >, int*)
0 24000
fn=int* std::uninitialized_fill_n<int*, unsigned long, int>(int*, unsigned long, int const&)
0 48
fn=llenarMatrizAleatoriamente(std::vector<std::vector<int, std::allocator<int> >, std::allocator<std::vector<int, std::allocator<int> > > >&)
0 21524052
fn=main
0 187
fn=multiplicarMatricesPorBloques(std::vector<std::vector<int, std::allocator<int> >, std::allocator<std::vector<int, std::allocator<int> > > >&, std::vector<std::vector<int, std::allocator<int> >, std::allocator<std::vector<int, std::allocator<int> > > >&, std::vector<std::vector<int, std::allocator<int> >, std::allocator<std::vector<int, std::allocator<int> > > >&, int)
0 8418126278
fn=operator delete(void*)
0 3012
fn=operator delete(void*, unsigned long)
0 3012
fn=operator new(unsigned long)
0 18072
fn=operator new(unsigned long, void*)
0 12000
fn=std::_Vector_base<int, std::allocator<int> >::_M_allocate(unsigned long)
0 24048
fn=std::_Vector_base<int, std::allocator<int> >::_M_create_storage(unsigned long)
0 40581
fn=std::_Vector_base<int, std::allocator<int> >::_M_deallocate(int*, unsigned long)
0 27054
fn=std::_Vector_base<int, std::allocator<int> >::_M_get_Tp_allocator()
0 21042
fn=std::_Vector_base<int, std::allocator<int> >::_M_get_Tp_allocator() const
0 10500
fn=std::_Vector_base<int, std::allocator<int> >::_Vector_base(unsigned long, std::allocator<int> const&)
0 33066
fn=std::_Vector_base<int, std::allocator<int> >::_Vector_impl::_Vector_impl(std::allocator<int> const&)
0 25551
fn=std::_Vector_base<int, std::allocator<int> >::_Vector_impl::~_Vector_impl()
0 16533
fn=std::_Vector_base<int, std::allocator<int> >::_Vector_impl_data::_Vector_impl_data()
0 19539
fn=std::_Vector_base<int, std::allocator<int> >::~_Vector_base()
0 37575
fn=std::_Vector_base<std::vector<int, std::allocator<int> >, std::allocator<std::vector<int, std::allocator<int> > > >::_M_allocate(unsigned long)
0 48
fn=std::_Vector_base<std::vector<int, std::allocator<int> >, std::allocator<std::vector<int, std::allocator<int> > > >::_M_create_storage(unsigned long)
0 90
fn=std::_Vector_base<std::vector<int, std::allocator<int> >, std::allocator<std::vector<int, std::allocator<int> > > >::_M_deallocate(std::vector<int, std::allocator<int> >*, unsigned long)
0 54
fn=std::_Vector_base<std::vector<int, std::allocator<int> >, std::allocator<std::vector<int, std::allocator<int> > > >::_M_get_Tp_allocator()
0 42
fn=std::_Vector_base<std::vector<int, std::allocator<int> >, std::allocator<std::vector<int, std::allocator<int> > > >::_Vector_base(unsigned long, std::allocator<std::vector<int, std::allocator<int> > > const&)
0 66
fn=std::_Vector_base<std::vector<int, std::allocator<int> >, std::allocator<std::vector<int, std::allocator<int> > > >::_Vector_impl::_Vector_impl(std::allocator<std::vector<int, std::allocator<int> > > const&)
0 51
fn=std::_Vector_base<std::vector<int, std::allocator<int> >, std::allocator<std::vector<int, std::allocator<int> > > >::_Vector_impl::~_Vector_impl()
0 33
fn=std::_Vector_base<std::vector<int, std::allocator<int> >, std::allocator<std::vector<int, std::allocator<int> > > >::_Vector_impl_data::_Vector_impl_data()
0 39
fn=std::_Vector_base<std::vector<int, std::allocator<int> >, std::allocator<std::vector<int, std::allocator<int> > > >::~_Vector_base()
0 84
fn=std::__cxx11::messages<char>::messages(unsigned long)
0 20
fn=std::__cxx11::messages<wchar_t>::messages(unsigned long)
0 20
fn=std::__cxx11::moneypunct<char, false>::_M_initialize_moneypunct(__locale_struct*, char const*)
0 113
fn=std::__cxx11::moneypunct<char, true>::_M_initialize_moneypunct(__locale_struct*, char const*)
0 113
fn=std::__cxx11::moneypunct<wchar_t, false>::_M_initialize_moneypunct(__locale_struct*, char const*)
0 109
fn=std::__cxx11::moneypunct<wchar_t, true>::_M_initialize_moneypunct(__locale_struct*, char const*)
0 109
fn=std::__cxx11::numpunct<char>::_M_initialize_numpunct(__locale_struct*)
0 414
fn=std::__cxx11::numpunct<wchar_t>::_M_initialize_numpunct(__locale_struct*)
0 350
fn=std::__num_base::_S_format_float(std::ios_base const&, char*, char)
0 31
fn=std::__size_to_integer(unsigned long)
0 21
fn=std::__timepunct<char>::_M_initialize_timepunct(__locale_struct*)
0 149
fn=std::__timepunct<char>::__timepunct(std::__timepunct_cache<char>*, unsigned long)
0 23
fn=std::__timepunct<wchar_t>::_M_initialize_timepunct(__locale_struct*)
0 149
fn=std::__timepunct<wchar_t>::__timepunct(std::__timepunct_cache<wchar_t>*, unsigned long)
0 23
fn=std::allocator<int>::allocator()
0 33
fn=std::allocator<int>::allocator(std::allocator<int> const&)
0 42084
fn=std::allocator<int>::~allocator()
0 33099
fn=std::allocator<std::vector<int, std::allocator<int> > >::allocator()
0 33
fn=std::allocator<std::vector<int, std::allocator<int> > >::allocator(std::allocator<std::vector<int, std::allocator<int> > > const&)
0 84
fn=std::allocator<std::vector<int, std::allocator<int> > >::~allocator()
0 99
fn=std::allocator_traits<std::allocator<int> >::allocate(std::allocator<int>&, unsigned long)
0 21042
fn=std::allocator_traits<std::allocator<int> >::deallocate(std::allocator<int>&, int*, unsigned long)
0 24048
fn=std::allocator_traits<std::allocator<int> >::max_size(std::allocator<int> const&)
0 30
fn=std::allocator_traits<std::allocator<int> >::select_on_container_copy_construction(std::allocator<int> const&)
0 21000
fn=std::allocator_traits<std::allocator<std::vector<int, std::allocator<int> > > >::allocate(std::allocator<std::vector<int, std::allocator<int> > >&, unsigned long)
0 42
fn=std::allocator_traits<std::allocator<std::vector<int, std::allocator<int> > > >::deallocate(std::allocator<std::vector<int, std::allocator<int> > >&, std::vector<int, std::allocator<int> >*, unsigned long)
0 48
fn=std::allocator_traits<std::allocator<std::vector<int, std::allocator<int> > > >::max_size(std::allocator<std::vector<int, std::allocator<int> > > const&)
0 30
fn=std::basic_ios<char, std::char_traits<char> >::_M_cache_locale(std::locale const&)
0 124
fn=std::basic_ios<char, std::char_traits<char> >::init(std::basic_streambuf<char, std::char_traits<char> >*)
0 92
fn=std::basic_ios<wchar_t, std::char_traits<wchar_t> >::_M_cache_locale(std::locale const&)
0 124
fn=std::basic_ios<wchar_t, std::char_traits<wchar_t> >::init(std::basic_streambuf<wchar_t, std::char_traits<wchar_t> >*)
0 92
fn=std::basic_ostream<char, std::char_traits<char> >& std::__ostream_insert<char, std::char_traits<char> >(std::basic_ostream<char, std::char_traits<char> >&, char const*, long)
0 224
fn=std::basic_ostream<char, std::char_traits<char> >& std::endl<char, std::char_traits<char> >(std::basic_ostream<char, std::char_traits<char> >&)
0 20
fn=std::basic_ostream<char, std::char_traits<char> >& std::operator<< <std::char_traits<char> >(std::basic_ostream<char, std::char_traits<char> >&, char const*)
0 76
fn=std::basic_ostream<wchar_t, std::char_traits<wchar_t> >::flush()
0 162
fn=std::basic_ostream<wchar_t, std::char_traits<wchar_t> >::sentry::sentry(std::basic_ostream<wchar_t, std::char_traits<wchar_t> >&)
0 99
fn=std::chrono::_V2::system_clock::now()
0 30
fn=std::chrono::duration<double, std::ratio<1l, 1000l> > std::chrono::__duration_cast_impl<std::chrono::duration<double, std::ratio<1l, 1000l> >, std::ratio<1l, 1000000l>, double, true, false>::__cast<long, std::ratio<1l, 1000000000l> >(std::chrono::duration<long, std::ratio<1l, 1000000000l> > const&)
0 29
fn=std::chrono::duration<double, std::ratio<1l, 1000l> >::count() const
0 10
fn=std::chrono::duration<double, std::ratio<1l, 1000l> >::duration<double, void>(double const&)
0 12
fn=std::chrono::duration<long, std::ratio<1l, 1000000000l> >::count() const
0 24
fn=std::chrono::duration<long, std::ratio<1l, 1000000000l> >::duration<long, void>(long const&)
0 12
fn=std::chrono::time_point<std::chrono::_V2::system_clock, std::chrono::duration<long, std::ratio<1l, 1000000000l> > >::time_since_epoch() const
0 16
fn=std::codecvt<char, char, __mbstate_t>::codecvt(unsigned long)
0 18
fn=std::codecvt<wchar_t, char, __mbstate_t>::codecvt(unsigned long)
0 18
fn=std::common_type<std::chrono::duration<long, std::ratio<1l, 1000000000l> >, std::chrono::duration<long, std::ratio<1l, 1000000000l> > >::type std::chrono::operator-<long, std::ratio<1l, 1000000000l>, long, std::ratio<1l, 1000000000l> >(std::chrono::duration<long, std::ratio<1l, 1000000000l> > const&, std::chrono::duration<long, std::ratio<1l, 1000000000l> > const&)
0 39
fn=std::common_type<std::chrono::duration<long, std::ratio<1l, 1000000000l> >, std::chrono::duration<long, std::ratio<1l, 1000000000l> > >::type std::chrono::operator-<std::chrono::_V2::system_clock, std::chrono::duration<long, std::ratio<1l, 1000000000l> >, std::chrono::duration<long, std::ratio<1l, 1000000000l> > >(std::chrono::time_point<std::chrono::_V2::system_clock, std::chrono::duration<long, std::ratio<1l, 1000000000l> > > const&, std::chrono::time_point<std::chrono::_V2::system_clock, std::chrono::duration<long, std::ratio<1l, 1000000000l> > > const&)
0 27
fn=std::ctype<char> const& std::use_facet<std::ctype<char> >(std::locale const&)
0 55
fn=std::ctype<char>::_M_widen_init() const
0 732
fn=std::ctype<char>::ctype(unsigned short const*, bool, unsigned long)
0 116
fn=std::ctype<wchar_t> const& std::use_facet<std::ctype<wchar_t> >(std::locale const&)
0 44
fn=std::ctype<wchar_t>::_M_convert_to_wmask(unsigned short) const
0 146
fn=std::ctype<wchar_t>::_M_initialize_ctype()
0 2733
fn=std::ctype<wchar_t>::ctype(unsigned long)
0 20
fn=std::enable_if<std::chrono::__is_duration<std::chrono::duration<double, std::ratio<1l, 1000l> > >::value, std::chrono::duration<double, std::ratio<1l, 1000l> > >::type std::chrono::duration_cast<std::chrono::duration<double, std::ratio<1l, 1000l> >, long, std::ratio<1l, 1000000000l> >(std::chrono::duration<long, std::ratio<1l, 1000000000l> > const&)
0 12
fn=std::error_category::error_category()
0 10
fn=std::error_category::~error_category()
0 4
fn=std::future_category()
0 3
fn=std::ios_base::Init::Init()
0 273
fn=std::ios_base::Init::~Init()
0 25
fn=std::ios_base::_M_init()
0 208
fn=std::ios_base::ios_base()
0 464
fn=std::iterator_traits<int*>::iterator_category std::__iterator_category<int*>(int* const&)
0 18
fn=std::locale::_Impl::_Impl(unsigned long)
0 666
fn=std::locale::_Impl::_M_install_facet(std::locale::id const*, std::locale::facet const*)
0 12128
fn=std::locale::facet::_S_create_c_locale(__locale_struct*&, char const*, __locale_struct*)
0 10
fn=std::locale::facet::_S_get_c_locale()
0 135
fn=std::locale::facet::_S_get_c_name()
0 21
fn=std::locale::id::_M_id() const
0 972
fn=std::locale::locale()
0 374
fn=std::locale::locale(std::locale::_Impl*)
0 3
fn=std::locale::operator=(std::locale const&)
0 160
fn=std::locale::~locale()
0 64
fn=std::messages<char>::messages(unsigned long)
0 20
fn=std::messages<wchar_t>::messages(unsigned long)
0 20
fn=std::moneypunct<char, false>::_M_initialize_moneypunct(__locale_struct*, char const*)
0 113
fn=std::moneypunct<char, true>::_M_initialize_moneypunct(__locale_struct*, char const*)
0 113
fn=std::moneypunct<wchar_t, false>::_M_initialize_moneypunct(__locale_struct*, char const*)
0 109
fn=std::moneypunct<wchar_t, true>::_M_initialize_moneypunct(__locale_struct*, char const*)
0 109
fn=std::num_get<char, std::istreambuf_iterator<char, std::char_traits<char> > > const& std::use_facet<std::num_get<char, std::istreambuf_iterator<char, std::char_traits<char> > > >(std::locale const&)
0 44
fn=std::num_get<wchar_t, std::istreambuf_iterator<wchar_t, std::char_traits<wchar_t> > > const& std::use_facet<std::num_get<wchar_t, std::istreambuf_iterator<wchar_t, std::char_traits<wchar_t> > > >(std::locale const&)
0 44
fn=std::num_put<char, std::ostreambuf_iterator<char, std::char_traits<char> > > const& std::use_facet<std::num_put<char, std::ostreambuf_iterator<char, std::char_traits<char> > > >(std::locale const&)
0 44
fn=std::num_put<char, std::ostreambuf_iterator<char, std::char_traits<char> > >::do_put(std::ostreambuf_iterator<char, std::char_traits<char> >, std::ios_base&, char, double) const
0 4
fn=std::num_put<char, std::ostreambuf_iterator<char, std::char_traits<char> > >::do_put(std::ostreambuf_iterator<char, std::char_traits<char> >, std::ios_base&, char, long) const
0 6
fn=std::num_put<wchar_t, std::ostreambuf_iterator<wchar_t, std::char_traits<wchar_t> > > const& std::use_facet<std::num_put<wchar_t, std::ostreambuf_iterator<wchar_t, std::char_traits<wchar_t> > > >(std::locale const&)
0 44
fn=std::numpunct<char>::_M_initialize_numpunct(__locale_struct*)
0 414
fn=std::numpunct<wchar_t>::_M_initialize_numpunct(__locale_struct*)
0 350
fn=std::ostream& std::ostream::_M_insert<double>(double)
0 57
fn=std::ostream& std::ostream::_M_insert<long>(long)
0 132
fn=std::ostream::flush()
0 200
fn=std::ostream::operator<<(double)
0 2
fn=std::ostream::operator<<(int)
0 22
fn=std::ostream::operator<<(std::ostream& (*)(std::ostream&))
0 2
fn=std::ostream::put(char)
0 42
fn=std::ostream::sentry::sentry(std::ostream&)
0 306
fn=std::ostreambuf_iterator<char, std::char_traits<char> > std::num_put<char, std::ostreambuf_iterator<char, std::char_traits<char> > >::_M_insert_float<double>(std::ostreambuf_iterator<char, std::char_traits<char> >, std::ios_base&, char, char, double) const
0 147
fn=std::ostreambuf_iterator<char, std::char_traits<char> > std::num_put<char, std::ostreambuf_iterator<char, std::char_traits<char> > >::_M_insert_int<long>(std::ostreambuf_iterator<char, std::char_traits<char> >, std::ios_base&, char, long) const
0 186
fn=std::uncaught_exception()
0 16
fn=std::vector<int, std::allocator<int> > const& std::forward<std::vector<int, std::allocator<int> > const&>(std::remove_reference<std::vector<int, std::allocator<int> > const&>::type&)
0 10500
fn=std::vector<int, std::allocator<int> >* std::__addressof<std::vector<int, std::allocator<int> > >(std::vector<int, std::allocator<int> >&)
0 21000
fn=std::vector<int, std::allocator<int> >* std::__uninitialized_fill_n<false>::__uninit_fill_n<std::vector<int, std::allocator<int> >*, unsigned long, std::vector<int, std::allocator<int> > >(std::vector<int, std::allocator<int> >*, unsigned long, std::vector<int, std::allocator<int> > const&)
0 18054
fn=std::vector<int, std::allocator<int> >* std::__uninitialized_fill_n_a<std::vector<int, std::allocator<int> >*, unsigned long, std::vector<int, std::allocator<int> >, std::vector<int, std::allocator<int> > >(std::vector<int, std::allocator<int> >*, unsigned long, std::vector<int, std::allocator<int> > const&, std::allocator<std::vector<int, std::allocator<int> > >&)
0 48
fn=std::vector<int, std::allocator<int> >* std::uninitialized_fill_n<std::vector<int, std::allocator<int> >*, unsigned long, std::vector<int, std::allocator<int> > >(std::vector<int, std::allocator<int> >*, unsigned long, std::vector<int, std::allocator<int> > const&)
0 48
fn=std::vector<int, std::allocator<int> >::_M_fill_initialize(unsigned long, int const&)
0 66
fn=std::vector<int, std::allocator<int> >::_S_check_init_len(unsigned long, std::allocator<int> const&)
0 96
fn=std::vector<int, std::allocator<int> >::_S_max_size(std::allocator<int> const&)
0 75
fn=std::vector<int, std::allocator<int> >::begin() const
0 28500
fn=std::vector<int, std::allocator<int> >::end() const
0 30000
fn=std::vector<int, std::allocator<int> >::operator[](unsigned long)
0 4506000000
fn=std::vector<int, std::allocator<int> >::size() const
0 6532500
fn=std::vector<int, std::allocator<int> >::vector(std::vector<int, std::allocator<int> > const&)
0 94500
fn=std::vector<int, std::allocator<int> >::vector(unsigned long, int const&, std::allocator<int> const&)
0 93
fn=std::vector<int, std::allocator<int> >::~vector()
0 33066
fn=std::vector<std::vector<int, std::allocator<int> >, std::allocator<std::vector<int, std::allocator<int> > > >::_M_fill_initialize(unsigned long, std::vector<int, std::allocator<int> > const&)
0 66
fn=std::vector<std::vector<int, std::allocator<int> >, std::allocator<std::vector<int, std::allocator<int> > > >::_S_check_init_len(unsigned long, std::allocator<std::vector<int, std::allocator<int> > > const&)
0 96
fn=std::vector<std::vector<int, std::allocator<int> >, std::allocator<std::vector<int, std::allocator<int> > > >::_S_max_size(std::allocator<std::vector<int, std::allocator<int> > > const&)
0 75
fn=std::vector<std::vector<int, std::allocator<int> >, std::allocator<std::vector<int, std::allocator<int> > > >::operator[](unsigned long)
0 5640015000
fn=std::vector<std::vector<int, std::allocator<int> >, std::allocator<std::vector<int, std::allocator<int> > > >::size() const
0 16048
fn=std::vector<std::vector<int, std::allocator<int> >, std::allocator<std::vector<int, std::allocator<int> > > >::vector(unsigned long, std::vector<int, std::allocator<int> > const&, std::allocator<std::vector<int, std::allocator<int> > > const&)
0 93
fn=std::vector<std::vector<int, std::allocator<int> >, std::allocator<std::vector<int, std::allocator<int> > > >::~vector()
0 66
fn=unsigned long const& std::min<unsigned long>(unsigned long const&, unsigned long const&)
0 84
fn=void std::_Construct<std::vector<int, std::allocator<int> >, std::vector<int, std::allocator<int> > const&>(std::vector<int, std::allocator<int> >*, std::vector<int, std::allocator<int> > const&)
0 42000
fn=void std::_Destroy<int*, int>(int*, int*, std::allocator<int>&)
0 22545
fn=void std::_Destroy<int*>(int*, int*)
0 21042
fn=void std::_Destroy<std::vector<int, std::allocator<int> > >(std::vector<int, std::allocator<int> >*)
0 16500
fn=void std::_Destroy<std::vector<int, std::allocator<int> >*, std::vector<int, std::allocator<int> > >(std::vector<int, std::allocator<int> >*, std::vector<int, std::allocator<int> >*, std::allocator<std::vector<int, std::allocator<int> > >&)
0 45
fn=void std::_Destroy<std::vector<int, std::allocator<int> >*>(std::vector<int, std::allocator<int> >*, std::vector<int, std::allocator<int> >*)
0 42
fn=void std::_Destroy_aux<false>::__destroy<std::vector<int, std::allocator<int> >*>(std::vector<int, std::allocator<int> >*, std::vector<int, std::allocator<int> >*)
0 13542
fn=void std::_Destroy_aux<true>::__destroy<int*>(int*, int*)
0 12024
fn=void std::__fill_a<int*, int>(int*, int*, int const&)
0 48
summary: 21497868463
